{
  "runtime": "deepseek",
  "weights_id": "deepseek-v4-pro",
  "convention_ack": true,
  "submissions": [
    {
      "id": "bell",
      "n_sys": 2,
      "n_anc": 0,
      "app_golden_real": [
        [
          0.7071067811865475,
          0.0,
          0.7071067811865475,
          0.0
        ],
        [
          0.0,
          0.7071067811865475,
          0.0,
          0.7071067811865475
        ],
        [
          0.0,
          0.7071067811865475,
          0.0,
          -0.7071067811865475
        ],
        [
          0.7071067811865475,
          0.0,
          -0.7071067811865475,
          0.0
        ]
      ],
      "app_golden_imag": [
        [
          0.0,
          0.0,
          0.0,
          0.0
        ],
        [
          0.0,
          0.0,
          0.0,
          0.0
        ],
        [
          0.0,
          0.0,
          0.0,
          0.0
        ],
        [
          0.0,
          0.0,
          0.0,
          0.0
        ]
      ],
      "app_golden_code": "import numpy as np\nH = np.array([[1,1],[1,-1]],dtype=complex)/np.sqrt(2)\nHI = np.kron(H, np.eye(2))\nCN = np.array([[1,0,0,0],[0,1,0,0],[0,0,0,1],[0,0,1,0]],dtype=complex)\ngolden = CN @ HI",
      "construction_method": "CNOT @ (H tensor I): Hadamard on q0, then CNOT(control=q0, target=q1). Big-endian.",
      "self_check": "U @ U.conj().T ~ I (atol 1e-12), shape (4,4). Code reproduces."
    },
    {
      "id": "ghz3",
      "n_sys": 3,
      "n_anc": 0,
      "app_golden_real": [
        [
          0.7071067811865475,
          0.0,
          0.0,
          0.0,
          0.7071067811865475,
          0.0,
          0.0,
          0.0
        ],
        [
          0.0,
          0.7071067811865475,
          0.0,
          0.0,
          0.0,
          0.7071067811865475,
          0.0,
          0.0
        ],
        [
          0.0,
          0.0,
          0.0,
          0.7071067811865475,
          0.0,
          0.0,
          0.0,
          0.7071067811865475
        ],
        [
          0.0,
          0.0,
          0.7071067811865475,
          0.0,
          0.0,
          0.0,
          0.7071067811865475,
          0.0
        ],
        [
          0.0,
          0.0,
          0.7071067811865475,
          0.0,
          0.0,
          0.0,
          -0.7071067811865475,
          0.0
        ],
        [
          0.0,
          0.0,
          0.0,
          0.7071067811865475,
          0.0,
          0.0,
          0.0,
          -0.7071067811865475
        ],
        [
          0.0,
          0.7071067811865475,
          0.0,
          0.0,
          0.0,
          -0.7071067811865475,
          0.0,
          0.0
        ],
        [
          0.7071067811865475,
          0.0,
          0.0,
          0.0,
          -0.7071067811865475,
          0.0,
          0.0,
          0.0
        ]
      ],
      "app_golden_imag": [
        [
          0.0,
          0.0,
          0.0,
          0.0,
          0.0,
          0.0,
          0.0,
          0.0
        ],
        [
          0.0,
          0.0,
          0.0,
          0.0,
          0.0,
          0.0,
          0.0,
          0.0
        ],
        [
          0.0,
          0.0,
          0.0,
          0.0,
          0.0,
          0.0,
          0.0,
          0.0
        ],
        [
          0.0,
          0.0,
          0.0,
          0.0,
          0.0,
          0.0,
          0.0,
          0.0
        ],
        [
          0.0,
          0.0,
          0.0,
          0.0,
          0.0,
          0.0,
          0.0,
          0.0
        ],
        [
          0.0,
          0.0,
          0.0,
          0.0,
          0.0,
          0.0,
          0.0,
          0.0
        ],
        [
          0.0,
          0.0,
          0.0,
          0.0,
          0.0,
          0.0,
          0.0,
          0.0
        ],
        [
          0.0,
          0.0,
          0.0,
          0.0,
          0.0,
          0.0,
          0.0,
          0.0
        ]
      ],
      "app_golden_code": "import numpy as np\nH = np.array([[1,1],[1,-1]],dtype=complex)/np.sqrt(2)\nI = np.eye(2,dtype=complex)\nHII = np.kron(np.kron(H,I),I)\nCN01 = np.eye(8,dtype=complex); CN01[6,4]=1; CN01[4,6]=1; CN01[4,4]=0; CN01[6,6]=0; CN01[7,5]=1; CN01[5,7]=1; CN01[5,5]=0; CN01[7,7]=0\nCN12 = np.eye(8,dtype=complex); CN12[3,2]=1; CN12[2,3]=1; CN12[2,2]=0; CN12[3,3]=0; CN12[7,6]=1; CN12[6,7]=1; CN12[6,6]=0; CN12[7,7]=0\ngolden = CN12 @ CN01 @ HII",
      "construction_method": "CNOT(1>2) @ CNOT(0>1) @ (H tensor I tensor I). Big-endian, maps |000> -> (|000>+|111>)/sqrt2.",
      "self_check": "U @ U.conj().T ~ I (atol 1e-12), shape (8,8). Code reproduces."
    },
    {
      "id": "ghz4",
      "n_sys": 4,
      "n_anc": 0,
      "app_golden_real": [
        [
          0.7071067811865475,
          0.0,
          0.0,
          0.0,
          0.0,
          0.0,
          0.0,
          0.0,
          0.7071067811865475,
          0.0,
          0.0,
          0.0,
          0.0,
          0.0,
          0.0,
          0.0
        ],
        [
          0.0,
          0.7071067811865475,
          0.0,
          0.0,
          0.0,
          0.0,
          0.0,
          0.0,
          0.0,
          0.7071067811865475,
          0.0,
          0.0,
          0.0,
          0.0,
          0.0,
          0.0
        ],
        [
          0.0,
          0.0,
          0.0,
          0.7071067811865475,
          0.0,
          0.0,
          0.0,
          0.0,
          0.0,
          0.0,
          0.0,
          0.7071067811865475,
          0.0,
          0.0,
          0.0,
          0.0
        ],
        [
          0.0,
          0.0,
          0.7071067811865475,
          0.0,
          0.0,
          0.0,
          0.0,
          0.0,
          0.0,
          0.0,
          0.7071067811865475,
          0.0,
          0.0,
          0.0,
          0.0,
          0.0
        ],
        [
          0.0,
          0.0,
          0.0,
          0.0,
          0.0,
          0.0,
          0.7071067811865475,
          0.0,
          0.0,
          0.0,
          0.0,
          0.0,
          0.0,
          0.0,
          0.7071067811865475,
          0.0
        ],
        [
          0.0,
          0.0,
          0.0,
          0.0,
          0.0,
          0.0,
          0.0,
          0.7071067811865475,
          0.0,
          0.0,
          0.0,
          0.0,
          0.0,
          0.0,
          0.0,
          0.7071067811865475
        ],
        [
          0.0,
          0.0,
          0.0,
          0.0,
          0.0,
          0.7071067811865475,
          0.0,
          0.0,
          0.0,
          0.0,
          0.0,
          0.0,
          0.0,
          0.7071067811865475,
          0.0,
          0.0
        ],
        [
          0.0,
          0.0,
          0.0,
          0.0,
          0.7071067811865475,
          0.0,
          0.0,
          0.0,
          0.0,
          0.0,
          0.0,
          0.0,
          0.7071067811865475,
          0.0,
          0.0,
          0.0
        ],
        [
          0.0,
          0.0,
          0.0,
          0.0,
          0.7071067811865475,
          0.0,
          0.0,
          0.0,
          0.0,
          0.0,
          0.0,
          0.0,
          -0.7071067811865475,
          0.0,
          0.0,
          0.0
        ],
        [
          0.0,
          0.0,
          0.0,
          0.0,
          0.0,
          0.7071067811865475,
          0.0,
          0.0,
          0.0,
          0.0,
          0.0,
          0.0,
          0.0,
          -0.7071067811865475,
          0.0,
          0.0
        ],
        [
          0.0,
          0.0,
          0.0,
          0.0,
          0.0,
          0.0,
          0.0,
          0.7071067811865475,
          0.0,
          0.0,
          0.0,
          0.0,
          0.0,
          0.0,
          0.0,
          -0.7071067811865475
        ],
        [
          0.0,
          0.0,
          0.0,
          0.0,
          0.0,
          0.0,
          0.7071067811865475,
          0.0,
          0.0,
          0.0,
          0.0,
          0.0,
          0.0,
          0.0,
          -0.7071067811865475,
          0.0
        ],
        [
          0.0,
          0.0,
          0.7071067811865475,
          0.0,
          0.0,
          0.0,
          0.0,
          0.0,
          0.0,
          0.0,
          -0.7071067811865475,
          0.0,
          0.0,
          0.0,
          0.0,
          0.0
        ],
        [
          0.0,
          0.0,
          0.0,
          0.7071067811865475,
          0.0,
          0.0,
          0.0,
          0.0,
          0.0,
          0.0,
          0.0,
          -0.7071067811865475,
          0.0,
          0.0,
          0.0,
          0.0
        ],
        [
          0.0,
          0.7071067811865475,
          0.0,
          0.0,
          0.0,
          0.0,
          0.0,
          0.0,
          0.0,
          -0.7071067811865475,
          0.0,
          0.0,
          0.0,
          0.0,
          0.0,
          0.0
        ],
        [
          0.7071067811865475,
          0.0,
          0.0,
          0.0,
          0.0,
          0.0,
          0.0,
          0.0,
          -0.7071067811865475,
          0.0,
          0.0,
          0.0,
          0.0,
          0.0,
          0.0,
          0.0
        ]
      ],
      "app_golden_imag": [
        [
          0.0,
          0.0,
          0.0,
          0.0,
          0.0,
          0.0,
          0.0,
          0.0,
          0.0,
          0.0,
          0.0,
          0.0,
          0.0,
          0.0,
          0.0,
          0.0
        ],
        [
          0.0,
          0.0,
          0.0,
          0.0,
          0.0,
          0.0,
          0.0,
          0.0,
          0.0,
          0.0,
          0.0,
          0.0,
          0.0,
          0.0,
          0.0,
          0.0
        ],
        [
          0.0,
          0.0,
          0.0,
          0.0,
          0.0,
          0.0,
          0.0,
          0.0,
          0.0,
          0.0,
          0.0,
          0.0,
          0.0,
          0.0,
          0.0,
          0.0
        ],
        [
          0.0,
          0.0,
          0.0,
          0.0,
          0.0,
          0.0,
          0.0,
          0.0,
          0.0,
          0.0,
          0.0,
          0.0,
          0.0,
          0.0,
          0.0,
          0.0
        ],
        [
          0.0,
          0.0,
          0.0,
          0.0,
          0.0,
          0.0,
          0.0,
          0.0,
          0.0,
          0.0,
          0.0,
          0.0,
          0.0,
          0.0,
          0.0,
          0.0
        ],
        [
          0.0,
          0.0,
          0.0,
          0.0,
          0.0,
          0.0,
          0.0,
          0.0,
          0.0,
          0.0,
          0.0,
          0.0,
          0.0,
          0.0,
          0.0,
          0.0
        ],
        [
          0.0,
          0.0,
          0.0,
          0.0,
          0.0,
          0.0,
          0.0,
          0.0,
          0.0,
          0.0,
          0.0,
          0.0,
          0.0,
          0.0,
          0.0,
          0.0
        ],
        [
          0.0,
          0.0,
          0.0,
          0.0,
          0.0,
          0.0,
          0.0,
          0.0,
          0.0,
          0.0,
          0.0,
          0.0,
          0.0,
          0.0,
          0.0,
          0.0
        ],
        [
          0.0,
          0.0,
          0.0,
          0.0,
          0.0,
          0.0,
          0.0,
          0.0,
          0.0,
          0.0,
          0.0,
          0.0,
          0.0,
          0.0,
          0.0,
          0.0
        ],
        [
          0.0,
          0.0,
          0.0,
          0.0,
          0.0,
          0.0,
          0.0,
          0.0,
          0.0,
          0.0,
          0.0,
          0.0,
          0.0,
          0.0,
          0.0,
          0.0
        ],
        [
          0.0,
          0.0,
          0.0,
          0.0,
          0.0,
          0.0,
          0.0,
          0.0,
          0.0,
          0.0,
          0.0,
          0.0,
          0.0,
          0.0,
          0.0,
          0.0
        ],
        [
          0.0,
          0.0,
          0.0,
          0.0,
          0.0,
          0.0,
          0.0,
          0.0,
          0.0,
          0.0,
          0.0,
          0.0,
          0.0,
          0.0,
          0.0,
          0.0
        ],
        [
          0.0,
          0.0,
          0.0,
          0.0,
          0.0,
          0.0,
          0.0,
          0.0,
          0.0,
          0.0,
          0.0,
          0.0,
          0.0,
          0.0,
          0.0,
          0.0
        ],
        [
          0.0,
          0.0,
          0.0,
          0.0,
          0.0,
          0.0,
          0.0,
          0.0,
          0.0,
          0.0,
          0.0,
          0.0,
          0.0,
          0.0,
          0.0,
          0.0
        ],
        [
          0.0,
          0.0,
          0.0,
          0.0,
          0.0,
          0.0,
          0.0,
          0.0,
          0.0,
          0.0,
          0.0,
          0.0,
          0.0,
          0.0,
          0.0,
          0.0
        ],
        [
          0.0,
          0.0,
          0.0,
          0.0,
          0.0,
          0.0,
          0.0,
          0.0,
          0.0,
          0.0,
          0.0,
          0.0,
          0.0,
          0.0,
          0.0,
          0.0
        ]
      ],
      "app_golden_code": "import numpy as np\ndef _cnot4(ctrl,tgt):\n    N=16; M=np.eye(N,dtype=complex)\n    for i in range(N):\n        bits=[(i>>(3-k))&1 for k in range(4)]\n        if bits[ctrl]==1:\n            jb=bits.copy(); jb[tgt]^=1\n            j=sum(jb[k]<<(3-k) for k in range(4))\n            M[j,i]=1; M[i,i]=0\n    return M\nH=np.array([[1,1],[1,-1]],dtype=complex)/np.sqrt(2)\nI=np.eye(2,dtype=complex)\ngolden = _cnot4(2,3) @ _cnot4(1,2) @ _cnot4(0,1) @ np.kron(np.kron(np.kron(H,I),I),I)",
      "construction_method": "CNOT(2>3) @ CNOT(1>2) @ CNOT(0>1) @ (H tensor I^3). Big-endian, maps |0000> -> (|0000>+|1111>)/sqrt2.",
      "self_check": "U @ U.conj().T ~ I (atol 1e-12), shape (16,16). Code reproduces."
    },
    {
      "id": "reflect00",
      "n_sys": 2,
      "n_anc": 0,
      "app_golden_real": [
        [
          1.0,
          0.0,
          0.0,
          0.0
        ],
        [
          0.0,
          -1.0,
          0.0,
          0.0
        ],
        [
          0.0,
          0.0,
          -1.0,
          0.0
        ],
        [
          0.0,
          0.0,
          0.0,
          -1.0
        ]
      ],
      "app_golden_imag": [
        [
          0.0,
          0.0,
          0.0,
          0.0
        ],
        [
          0.0,
          0.0,
          0.0,
          0.0
        ],
        [
          0.0,
          0.0,
          0.0,
          0.0
        ],
        [
          0.0,
          0.0,
          0.0,
          0.0
        ]
      ],
      "app_golden_code": "import numpy as np\ngolden = np.diag([1,-1,-1,-1]).astype(complex)",
      "construction_method": "2|00><00| - I = diag(1,-1,-1,-1) in big-endian |q0 q1>. Global phase free.",
      "self_check": "U @ U.conj().T ~ I (atol 1e-12), shape (4,4). Code reproduces."
    },
    {
      "id": "diffusion",
      "n_sys": 2,
      "n_anc": 0,
      "app_golden_real": [
        [
          -0.4999999999999998,
          0.4999999999999998,
          0.4999999999999998,
          0.4999999999999998
        ],
        [
          0.4999999999999998,
          -0.4999999999999998,
          0.4999999999999998,
          0.4999999999999998
        ],
        [
          0.4999999999999998,
          0.4999999999999998,
          -0.4999999999999998,
          0.4999999999999998
        ],
        [
          0.4999999999999998,
          0.4999999999999998,
          0.4999999999999998,
          -0.4999999999999998
        ]
      ],
      "app_golden_imag": [
        [
          0.0,
          0.0,
          0.0,
          0.0
        ],
        [
          0.0,
          0.0,
          0.0,
          0.0
        ],
        [
          0.0,
          0.0,
          0.0,
          0.0
        ],
        [
          0.0,
          0.0,
          0.0,
          0.0
        ]
      ],
      "app_golden_code": "import numpy as np\nH = np.array([[1,1],[1,-1]],dtype=complex)/np.sqrt(2)\nHH = np.kron(H,H)\nR00 = np.diag([1,-1,-1,-1]).astype(complex)\ngolden = HH @ R00 @ HH",
      "construction_method": "(H tensor H) @ diag(1,-1,-1,-1) @ (H tensor H) = 2|++><++| - I. Big-endian.",
      "self_check": "U @ U.conj().T ~ I (atol 1e-12), shape (4,4). Code reproduces."
    },
    {
      "id": "grover2",
      "n_sys": 2,
      "n_anc": 0,
      "app_golden_real": [
        [
          -0.4999999999999998,
          0.4999999999999998,
          0.4999999999999998,
          -0.4999999999999998
        ],
        [
          0.4999999999999998,
          -0.4999999999999998,
          0.4999999999999998,
          -0.4999999999999998
        ],
        [
          0.4999999999999998,
          0.4999999999999998,
          -0.4999999999999998,
          -0.4999999999999998
        ],
        [
          0.4999999999999998,
          0.4999999999999998,
          0.4999999999999998,
          0.4999999999999998
        ]
      ],
      "app_golden_imag": [
        [
          0.0,
          0.0,
          0.0,
          0.0
        ],
        [
          0.0,
          0.0,
          0.0,
          0.0
        ],
        [
          0.0,
          0.0,
          0.0,
          0.0
        ],
        [
          0.0,
          0.0,
          0.0,
          0.0
        ]
      ],
      "app_golden_code": "import numpy as np\nH=np.array([[1,1],[1,-1]],dtype=complex)/np.sqrt(2)\nHH=np.kron(H,H)\nR00=np.diag([1,-1,-1,-1]).astype(complex)\nD=HH@R00@HH\nO=np.diag([1,1,1,-1]).astype(complex)\ngolden = D @ O",
      "construction_method": "G = D @ O where D=diffusion, O=diag(1,1,1,-1) oracle marking |11>(idx3). Big-endian.",
      "self_check": "U @ U.conj().T ~ I (atol 1e-12), shape (4,4). Code reproduces."
    },
    {
      "id": "qft2",
      "n_sys": 2,
      "n_anc": 0,
      "app_golden_real": [
        [
          0.5,
          0.5,
          0.5,
          0.5
        ],
        [
          0.5,
          3.061616997868383e-17,
          -0.5,
          -9.184850993605148e-17
        ],
        [
          0.5,
          -0.5,
          0.5,
          -0.5
        ],
        [
          0.5,
          -9.184850993605148e-17,
          -0.5,
          2.755455298081545e-16
        ]
      ],
      "app_golden_imag": [
        [
          0.0,
          0.0,
          0.0,
          0.0
        ],
        [
          0.0,
          0.5,
          6.123233995736766e-17,
          -0.5
        ],
        [
          0.0,
          6.123233995736766e-17,
          -1.2246467991473532e-16,
          1.8369701987210297e-16
        ],
        [
          0.0,
          -0.5,
          1.8369701987210297e-16,
          0.5
        ]
      ],
      "app_golden_code": "import numpy as np\nN=4; w=np.exp(2j*np.pi/N)\ngolden = np.array([[w**(j*k)/np.sqrt(N) for k in range(N)] for j in range(N)]).astype(complex)",
      "construction_method": "QFT2: U[j,k]=(1/2)omega^(jk), omega=exp(2*pi*i/4)=i. Big-endian, no bit-reversal.",
      "self_check": "U @ U.conj().T ~ I (atol 1e-12), shape (4,4). Code reproduces."
    },
    {
      "id": "qft3",
      "n_sys": 3,
      "n_anc": 0,
      "app_golden_real": [
        [
          0.35355339059327373,
          0.35355339059327373,
          0.35355339059327373,
          0.35355339059327373,
          0.35355339059327373,
          0.35355339059327373,
          0.35355339059327373,
          0.35355339059327373
        ],
        [
          0.35355339059327373,
          0.25,
          0.0,
          -0.25000000000000006,
          -0.3535533905932739,
          -0.2500000000000001,
          -0.0,
          0.25000000000000017
        ],
        [
          0.35355339059327373,
          0.0,
          -0.3535533905932739,
          -0.0,
          0.35355339059327406,
          0.0,
          -0.3535533905932742,
          -0.0
        ],
        [
          0.35355339059327373,
          -0.25000000000000006,
          -0.0,
          0.2500000000000002,
          -0.3535533905932742,
          0.2500000000000004,
          0.0,
          -0.25000000000000056
        ],
        [
          0.35355339059327373,
          -0.3535533905932739,
          0.35355339059327406,
          -0.3535533905932742,
          0.35355339059327434,
          -0.3535533905932745,
          0.3535533905932747,
          -0.35355339059327484
        ],
        [
          0.35355339059327373,
          -0.2500000000000001,
          0.0,
          0.2500000000000004,
          -0.3535533905932745,
          0.25000000000000067,
          -0.0,
          -0.25000000000000094
        ],
        [
          0.35355339059327373,
          -0.0,
          -0.3535533905932742,
          0.0,
          0.3535533905932747,
          -0.0,
          -0.3535533905932751,
          0.0
        ],
        [
          0.35355339059327373,
          0.25000000000000017,
          -0.0,
          -0.25000000000000056,
          -0.35355339059327484,
          -0.25000000000000094,
          0.0,
          0.25000000000000133
        ]
      ],
      "app_golden_imag": [
        [
          0.0,
          0.0,
          0.0,
          0.0,
          0.0,
          0.0,
          0.0,
          0.0
        ],
        [
          0.0,
          0.25,
          0.3535533905932738,
          0.25000000000000006,
          0.0,
          -0.2500000000000001,
          -0.35355339059327395,
          -0.25000000000000017
        ],
        [
          0.0,
          0.3535533905932738,
          0.0,
          -0.35355339059327395,
          0.0,
          0.3535533905932741,
          0.0,
          -0.3535533905932743
        ],
        [
          0.0,
          0.25000000000000006,
          -0.35355339059327395,
          0.2500000000000002,
          0.0,
          -0.2500000000000004,
          0.35355339059327445,
          -0.25000000000000056
        ],
        [
          0.0,
          0.0,
          0.0,
          0.0,
          0.0,
          0.0,
          0.0,
          0.0
        ],
        [
          0.0,
          -0.2500000000000001,
          0.3535533905932741,
          -0.2500000000000004,
          0.0,
          0.25000000000000067,
          -0.3535533905932749,
          0.25000000000000094
        ],
        [
          0.0,
          -0.35355339059327395,
          0.0,
          0.35355339059327445,
          0.0,
          -0.3535533905932749,
          0.0,
          0.3535533905932754
        ],
        [
          0.0,
          -0.25000000000000017,
          -0.3535533905932743,
          -0.25000000000000056,
          0.0,
          0.25000000000000094,
          0.3535533905932754,
          0.25000000000000133
        ]
      ],
      "app_golden_code": "import numpy as np\nN=8; w=np.exp(2j*np.pi/N)\ngolden = np.array([[w**(j*k)/np.sqrt(N) for k in range(N)] for j in range(N)]).astype(complex)",
      "construction_method": "QFT3: U[j,k]=(1/sqrt8)omega^(jk), omega=exp(2*pi*i/8). Big-endian, no bit-reversal.",
      "self_check": "U @ U.conj().T ~ I (atol 1e-12), shape (8,8). Code reproduces."
    }
  ]
}