{
  "runtime": "gemini",
  "weights_id": "google-gemini-3.5-flash-high",
  "convention_ack": true,
  "submissions": [
    {
      "id": "bell",
      "n_sys": 2,
      "n_anc": 0,
      "app_golden_real": [
        [
          0.7071067811865475,
          0.0,
          0.7071067811865475,
          0.0
        ],
        [
          0.0,
          0.7071067811865475,
          0.0,
          0.7071067811865475
        ],
        [
          0.0,
          0.7071067811865475,
          0.0,
          -0.7071067811865475
        ],
        [
          0.7071067811865475,
          0.0,
          -0.7071067811865475,
          0.0
        ]
      ],
      "app_golden_imag": [
        [
          0.0,
          0.0,
          0.0,
          0.0
        ],
        [
          0.0,
          0.0,
          0.0,
          0.0
        ],
        [
          0.0,
          0.0,
          0.0,
          0.0
        ],
        [
          0.0,
          0.0,
          0.0,
          0.0
        ]
      ],
      "app_golden_code": "import numpy as np\nH = np.array([[1,1],[1,-1]],dtype=complex)/np.sqrt(2)\nCN = np.array([[1,0,0,0],[0,1,0,0],[0,0,0,1],[0,0,1,0]],dtype=complex)\ngolden = CN @ np.kron(H, np.eye(2))",
      "construction_method": "Matrix product CNOT @ (H tensor I): Hadamard on qubit 0 then CNOT(control=0).",
      "self_check": "U @ U.conj().T == I (4x4), shape (4,4), unitary verified."
    },
    {
      "id": "ghz3",
      "n_sys": 3,
      "n_anc": 0,
      "app_golden_real": [
        [
          0.7071067811865475,
          0.0,
          0.0,
          0.0,
          0.7071067811865475,
          0.0,
          0.0,
          0.0
        ],
        [
          0.0,
          0.7071067811865475,
          0.0,
          0.0,
          0.0,
          0.7071067811865475,
          0.0,
          0.0
        ],
        [
          0.0,
          0.0,
          0.0,
          0.7071067811865475,
          0.0,
          0.0,
          0.0,
          0.7071067811865475
        ],
        [
          0.0,
          0.0,
          0.7071067811865475,
          0.0,
          0.0,
          0.0,
          0.7071067811865475,
          0.0
        ],
        [
          0.0,
          0.0,
          0.7071067811865475,
          0.0,
          0.0,
          0.0,
          -0.7071067811865475,
          0.0
        ],
        [
          0.0,
          0.0,
          0.0,
          0.7071067811865475,
          0.0,
          0.0,
          0.0,
          -0.7071067811865475
        ],
        [
          0.0,
          0.7071067811865475,
          0.0,
          0.0,
          0.0,
          -0.7071067811865475,
          0.0,
          0.0
        ],
        [
          0.7071067811865475,
          0.0,
          0.0,
          0.0,
          -0.7071067811865475,
          0.0,
          0.0,
          0.0
        ]
      ],
      "app_golden_imag": [
        [
          0.0,
          0.0,
          0.0,
          0.0,
          0.0,
          0.0,
          0.0,
          0.0
        ],
        [
          0.0,
          0.0,
          0.0,
          0.0,
          0.0,
          0.0,
          0.0,
          0.0
        ],
        [
          0.0,
          0.0,
          0.0,
          0.0,
          0.0,
          0.0,
          0.0,
          0.0
        ],
        [
          0.0,
          0.0,
          0.0,
          0.0,
          0.0,
          0.0,
          0.0,
          0.0
        ],
        [
          0.0,
          0.0,
          0.0,
          0.0,
          0.0,
          0.0,
          0.0,
          0.0
        ],
        [
          0.0,
          0.0,
          0.0,
          0.0,
          0.0,
          0.0,
          0.0,
          0.0
        ],
        [
          0.0,
          0.0,
          0.0,
          0.0,
          0.0,
          0.0,
          0.0,
          0.0
        ],
        [
          0.0,
          0.0,
          0.0,
          0.0,
          0.0,
          0.0,
          0.0,
          0.0
        ]
      ],
      "app_golden_code": "import numpy as np\nH = np.array([[1,1],[1,-1]],dtype=complex)/np.sqrt(2)\nCN = np.array([[1,0,0,0],[0,1,0,0],[0,0,0,1],[0,0,1,0]],dtype=complex)\nCNOT_12 = np.kron(np.eye(2), CN)\nCNOT_01 = np.kron(CN, np.eye(2))\nH_0 = np.kron(H, np.eye(4))\ngolden = CNOT_12 @ CNOT_01 @ H_0",
      "construction_method": "Three-qubit GHZ state preparation: Hadamard on qubit 0, followed by CNOT(0->1) and CNOT(1->2).",
      "self_check": "U @ U.conj().T == I (8x8), shape (8,8), unitary verified."
    },
    {
      "id": "ghz4",
      "n_sys": 4,
      "n_anc": 0,
      "app_golden_real": [
        [
          0.7071067811865475,
          0.0,
          0.0,
          0.0,
          0.0,
          0.0,
          0.0,
          0.0,
          0.7071067811865475,
          0.0,
          0.0,
          0.0,
          0.0,
          0.0,
          0.0,
          0.0
        ],
        [
          0.0,
          0.7071067811865475,
          0.0,
          0.0,
          0.0,
          0.0,
          0.0,
          0.0,
          0.0,
          0.7071067811865475,
          0.0,
          0.0,
          0.0,
          0.0,
          0.0,
          0.0
        ],
        [
          0.0,
          0.0,
          0.0,
          0.7071067811865475,
          0.0,
          0.0,
          0.0,
          0.0,
          0.0,
          0.0,
          0.0,
          0.7071067811865475,
          0.0,
          0.0,
          0.0,
          0.0
        ],
        [
          0.0,
          0.0,
          0.7071067811865475,
          0.0,
          0.0,
          0.0,
          0.0,
          0.0,
          0.0,
          0.0,
          0.7071067811865475,
          0.0,
          0.0,
          0.0,
          0.0,
          0.0
        ],
        [
          0.0,
          0.0,
          0.0,
          0.0,
          0.0,
          0.0,
          0.7071067811865475,
          0.0,
          0.0,
          0.0,
          0.0,
          0.0,
          0.0,
          0.0,
          0.7071067811865475,
          0.0
        ],
        [
          0.0,
          0.0,
          0.0,
          0.0,
          0.0,
          0.0,
          0.0,
          0.7071067811865475,
          0.0,
          0.0,
          0.0,
          0.0,
          0.0,
          0.0,
          0.0,
          0.7071067811865475
        ],
        [
          0.0,
          0.0,
          0.0,
          0.0,
          0.0,
          0.7071067811865475,
          0.0,
          0.0,
          0.0,
          0.0,
          0.0,
          0.0,
          0.0,
          0.7071067811865475,
          0.0,
          0.0
        ],
        [
          0.0,
          0.0,
          0.0,
          0.0,
          0.7071067811865475,
          0.0,
          0.0,
          0.0,
          0.0,
          0.0,
          0.0,
          0.0,
          0.7071067811865475,
          0.0,
          0.0,
          0.0
        ],
        [
          0.0,
          0.0,
          0.0,
          0.0,
          0.7071067811865475,
          0.0,
          0.0,
          0.0,
          0.0,
          0.0,
          0.0,
          0.0,
          -0.7071067811865475,
          0.0,
          0.0,
          0.0
        ],
        [
          0.0,
          0.0,
          0.0,
          0.0,
          0.0,
          0.7071067811865475,
          0.0,
          0.0,
          0.0,
          0.0,
          0.0,
          0.0,
          0.0,
          -0.7071067811865475,
          0.0,
          0.0
        ],
        [
          0.0,
          0.0,
          0.0,
          0.0,
          0.0,
          0.0,
          0.0,
          0.7071067811865475,
          0.0,
          0.0,
          0.0,
          0.0,
          0.0,
          0.0,
          0.0,
          -0.7071067811865475
        ],
        [
          0.0,
          0.0,
          0.0,
          0.0,
          0.0,
          0.0,
          0.7071067811865475,
          0.0,
          0.0,
          0.0,
          0.0,
          0.0,
          0.0,
          0.0,
          -0.7071067811865475,
          0.0
        ],
        [
          0.0,
          0.0,
          0.7071067811865475,
          0.0,
          0.0,
          0.0,
          0.0,
          0.0,
          0.0,
          0.0,
          -0.7071067811865475,
          0.0,
          0.0,
          0.0,
          0.0,
          0.0
        ],
        [
          0.0,
          0.0,
          0.0,
          0.7071067811865475,
          0.0,
          0.0,
          0.0,
          0.0,
          0.0,
          0.0,
          0.0,
          -0.7071067811865475,
          0.0,
          0.0,
          0.0,
          0.0
        ],
        [
          0.0,
          0.7071067811865475,
          0.0,
          0.0,
          0.0,
          0.0,
          0.0,
          0.0,
          0.0,
          -0.7071067811865475,
          0.0,
          0.0,
          0.0,
          0.0,
          0.0,
          0.0
        ],
        [
          0.7071067811865475,
          0.0,
          0.0,
          0.0,
          0.0,
          0.0,
          0.0,
          0.0,
          -0.7071067811865475,
          0.0,
          0.0,
          0.0,
          0.0,
          0.0,
          0.0,
          0.0
        ]
      ],
      "app_golden_imag": [
        [
          0.0,
          0.0,
          0.0,
          0.0,
          0.0,
          0.0,
          0.0,
          0.0,
          0.0,
          0.0,
          0.0,
          0.0,
          0.0,
          0.0,
          0.0,
          0.0
        ],
        [
          0.0,
          0.0,
          0.0,
          0.0,
          0.0,
          0.0,
          0.0,
          0.0,
          0.0,
          0.0,
          0.0,
          0.0,
          0.0,
          0.0,
          0.0,
          0.0
        ],
        [
          0.0,
          0.0,
          0.0,
          0.0,
          0.0,
          0.0,
          0.0,
          0.0,
          0.0,
          0.0,
          0.0,
          0.0,
          0.0,
          0.0,
          0.0,
          0.0
        ],
        [
          0.0,
          0.0,
          0.0,
          0.0,
          0.0,
          0.0,
          0.0,
          0.0,
          0.0,
          0.0,
          0.0,
          0.0,
          0.0,
          0.0,
          0.0,
          0.0
        ],
        [
          0.0,
          0.0,
          0.0,
          0.0,
          0.0,
          0.0,
          0.0,
          0.0,
          0.0,
          0.0,
          0.0,
          0.0,
          0.0,
          0.0,
          0.0,
          0.0
        ],
        [
          0.0,
          0.0,
          0.0,
          0.0,
          0.0,
          0.0,
          0.0,
          0.0,
          0.0,
          0.0,
          0.0,
          0.0,
          0.0,
          0.0,
          0.0,
          0.0
        ],
        [
          0.0,
          0.0,
          0.0,
          0.0,
          0.0,
          0.0,
          0.0,
          0.0,
          0.0,
          0.0,
          0.0,
          0.0,
          0.0,
          0.0,
          0.0,
          0.0
        ],
        [
          0.0,
          0.0,
          0.0,
          0.0,
          0.0,
          0.0,
          0.0,
          0.0,
          0.0,
          0.0,
          0.0,
          0.0,
          0.0,
          0.0,
          0.0,
          0.0
        ],
        [
          0.0,
          0.0,
          0.0,
          0.0,
          0.0,
          0.0,
          0.0,
          0.0,
          0.0,
          0.0,
          0.0,
          0.0,
          0.0,
          0.0,
          0.0,
          0.0
        ],
        [
          0.0,
          0.0,
          0.0,
          0.0,
          0.0,
          0.0,
          0.0,
          0.0,
          0.0,
          0.0,
          0.0,
          0.0,
          0.0,
          0.0,
          0.0,
          0.0
        ],
        [
          0.0,
          0.0,
          0.0,
          0.0,
          0.0,
          0.0,
          0.0,
          0.0,
          0.0,
          0.0,
          0.0,
          0.0,
          0.0,
          0.0,
          0.0,
          0.0
        ],
        [
          0.0,
          0.0,
          0.0,
          0.0,
          0.0,
          0.0,
          0.0,
          0.0,
          0.0,
          0.0,
          0.0,
          0.0,
          0.0,
          0.0,
          0.0,
          0.0
        ],
        [
          0.0,
          0.0,
          0.0,
          0.0,
          0.0,
          0.0,
          0.0,
          0.0,
          0.0,
          0.0,
          0.0,
          0.0,
          0.0,
          0.0,
          0.0,
          0.0
        ],
        [
          0.0,
          0.0,
          0.0,
          0.0,
          0.0,
          0.0,
          0.0,
          0.0,
          0.0,
          0.0,
          0.0,
          0.0,
          0.0,
          0.0,
          0.0,
          0.0
        ],
        [
          0.0,
          0.0,
          0.0,
          0.0,
          0.0,
          0.0,
          0.0,
          0.0,
          0.0,
          0.0,
          0.0,
          0.0,
          0.0,
          0.0,
          0.0,
          0.0
        ],
        [
          0.0,
          0.0,
          0.0,
          0.0,
          0.0,
          0.0,
          0.0,
          0.0,
          0.0,
          0.0,
          0.0,
          0.0,
          0.0,
          0.0,
          0.0,
          0.0
        ]
      ],
      "app_golden_code": "import numpy as np\nH = np.array([[1,1],[1,-1]],dtype=complex)/np.sqrt(2)\nCN = np.array([[1,0,0,0],[0,1,0,0],[0,0,0,1],[0,0,1,0]],dtype=complex)\nCNOT_23 = np.kron(np.eye(4), CN)\nCNOT_12 = np.kron(np.kron(np.eye(2), CN), np.eye(2))\nCNOT_01 = np.kron(CN, np.eye(4))\nH_0 = np.kron(H, np.eye(8))\ngolden = CNOT_23 @ CNOT_12 @ CNOT_01 @ H_0",
      "construction_method": "Four-qubit GHZ state preparation: Hadamard on qubit 0, followed by cascaded CNOTs on adjacent qubits.",
      "self_check": "U @ U.conj().T == I (16x16), shape (16,16), unitary verified."
    },
    {
      "id": "reflect00",
      "n_sys": 2,
      "n_anc": 0,
      "app_golden_real": [
        [
          1.0,
          0.0,
          0.0,
          0.0
        ],
        [
          0.0,
          -1.0,
          0.0,
          0.0
        ],
        [
          0.0,
          0.0,
          -1.0,
          0.0
        ],
        [
          0.0,
          0.0,
          0.0,
          -1.0
        ]
      ],
      "app_golden_imag": [
        [
          0.0,
          0.0,
          0.0,
          0.0
        ],
        [
          0.0,
          0.0,
          0.0,
          0.0
        ],
        [
          0.0,
          0.0,
          0.0,
          0.0
        ],
        [
          0.0,
          0.0,
          0.0,
          0.0
        ]
      ],
      "app_golden_code": "import numpy as np\ngolden = np.diag([1.0, -1.0, -1.0, -1.0]).astype(complex)",
      "construction_method": "Reflection operator 2|00><00| - I, representing +1 on |00> and -1 on other basis states.",
      "self_check": "U @ U.conj().T == I (4x4), shape (4,4), unitary verified."
    },
    {
      "id": "diffusion",
      "n_sys": 2,
      "n_anc": 0,
      "app_golden_real": [
        [
          -0.4999999999999998,
          0.4999999999999998,
          0.4999999999999998,
          0.4999999999999998
        ],
        [
          0.4999999999999998,
          -0.4999999999999998,
          0.4999999999999998,
          0.4999999999999998
        ],
        [
          0.4999999999999998,
          0.4999999999999998,
          -0.4999999999999998,
          0.4999999999999998
        ],
        [
          0.4999999999999998,
          0.4999999999999998,
          0.4999999999999998,
          -0.4999999999999998
        ]
      ],
      "app_golden_imag": [
        [
          0.0,
          0.0,
          0.0,
          0.0
        ],
        [
          0.0,
          0.0,
          0.0,
          0.0
        ],
        [
          0.0,
          0.0,
          0.0,
          0.0
        ],
        [
          0.0,
          0.0,
          0.0,
          0.0
        ]
      ],
      "app_golden_code": "import numpy as np\nH = np.array([[1,1],[1,-1]],dtype=complex)/np.sqrt(2)\nH2 = np.kron(H, H)\nR = np.diag([1.0, -1.0, -1.0, -1.0]).astype(complex)\ngolden = H2 @ R @ H2",
      "construction_method": "2-qubit Grover diffusion operator D = H_2 @ (2|00><00| - I) @ H_2.",
      "self_check": "U @ U.conj().T == I (4x4), shape (4,4), unitary verified."
    },
    {
      "id": "grover2",
      "n_sys": 2,
      "n_anc": 0,
      "app_golden_real": [
        [
          -0.4999999999999998,
          0.4999999999999998,
          0.4999999999999998,
          -0.4999999999999998
        ],
        [
          0.4999999999999998,
          -0.4999999999999998,
          0.4999999999999998,
          -0.4999999999999998
        ],
        [
          0.4999999999999998,
          0.4999999999999998,
          -0.4999999999999998,
          -0.4999999999999998
        ],
        [
          0.4999999999999998,
          0.4999999999999998,
          0.4999999999999998,
          0.4999999999999998
        ]
      ],
      "app_golden_imag": [
        [
          0.0,
          0.0,
          0.0,
          0.0
        ],
        [
          0.0,
          0.0,
          0.0,
          0.0
        ],
        [
          0.0,
          0.0,
          0.0,
          0.0
        ],
        [
          0.0,
          0.0,
          0.0,
          0.0
        ]
      ],
      "app_golden_code": "import numpy as np\nH = np.array([[1,1],[1,-1]],dtype=complex)/np.sqrt(2)\nH2 = np.kron(H, H)\nR = np.diag([1.0, -1.0, -1.0, -1.0]).astype(complex)\nD = H2 @ R @ H2\nO = np.diag([1.0, 1.0, 1.0, -1.0]).astype(complex)\ngolden = D @ O",
      "construction_method": "Grover iteration operator G = D @ O, where O marks the state |11> with a -1 phase.",
      "self_check": "U @ U.conj().T == I (4x4), shape (4,4), unitary verified."
    },
    {
      "id": "qft2",
      "n_sys": 2,
      "n_anc": 0,
      "app_golden_real": [
        [
          0.5,
          0.5,
          0.5,
          0.5
        ],
        [
          0.5,
          3.061616997868383e-17,
          -0.5,
          -9.184850993605148e-17
        ],
        [
          0.5,
          -0.5,
          0.5,
          -0.5
        ],
        [
          0.5,
          -9.184850993605148e-17,
          -0.5,
          2.755455298081545e-16
        ]
      ],
      "app_golden_imag": [
        [
          0.0,
          0.0,
          0.0,
          0.0
        ],
        [
          0.0,
          0.5,
          6.123233995736766e-17,
          -0.5
        ],
        [
          0.0,
          6.123233995736766e-17,
          -1.2246467991473532e-16,
          1.8369701987210297e-16
        ],
        [
          0.0,
          -0.5,
          1.8369701987210297e-16,
          0.5
        ]
      ],
      "app_golden_code": "import numpy as np\nN = 4\ngolden = np.zeros((N, N), dtype=complex)\nfor j in range(N):\n    for k in range(N):\n        golden[j, k] = np.exp(2j * np.pi * j * k / N)\ngolden /= np.sqrt(N)",
      "construction_method": "2-qubit raw QFT matrix computed from the definition.",
      "self_check": "U @ U.conj().T == I (4x4), shape (4,4), unitary verified."
    },
    {
      "id": "qft3",
      "n_sys": 3,
      "n_anc": 0,
      "app_golden_real": [
        [
          0.35355339059327373,
          0.35355339059327373,
          0.35355339059327373,
          0.35355339059327373,
          0.35355339059327373,
          0.35355339059327373,
          0.35355339059327373,
          0.35355339059327373
        ],
        [
          0.35355339059327373,
          0.25,
          2.1648901405887332e-17,
          -0.24999999999999997,
          -0.35355339059327373,
          -0.25000000000000006,
          -6.494670421766199e-17,
          0.24999999999999992
        ],
        [
          0.35355339059327373,
          2.1648901405887332e-17,
          -0.35355339059327373,
          -6.494670421766199e-17,
          0.35355339059327373,
          1.0824450702943665e-16,
          -0.35355339059327373,
          -1.5154230984121132e-16
        ],
        [
          0.35355339059327373,
          -0.24999999999999997,
          -6.494670421766199e-17,
          0.25000000000000006,
          -0.35355339059327373,
          0.24999999999999964,
          1.94840112652986e-16,
          -0.24999999999999992
        ],
        [
          0.35355339059327373,
          -0.35355339059327373,
          0.35355339059327373,
          -0.35355339059327373,
          0.35355339059327373,
          -0.35355339059327373,
          0.35355339059327373,
          -0.35355339059327373
        ],
        [
          0.35355339059327373,
          -0.25000000000000006,
          1.0824450702943665e-16,
          0.24999999999999964,
          -0.35355339059327373,
          0.24999999999999997,
          -9.5277050456182e-16,
          -0.2499999999999995
        ],
        [
          0.35355339059327373,
          -6.494670421766199e-17,
          -0.35355339059327373,
          1.94840112652986e-16,
          0.35355339059327373,
          -9.5277050456182e-16,
          -0.35355339059327373,
          -1.7341005394987604e-16
        ],
        [
          0.35355339059327373,
          0.24999999999999992,
          -1.5154230984121132e-16,
          -0.24999999999999992,
          -0.35355339059327373,
          -0.2499999999999995,
          -1.7341005394987604e-16,
          0.250000000000001
        ]
      ],
      "app_golden_imag": [
        [
          0.0,
          0.0,
          0.0,
          0.0,
          0.0,
          0.0,
          0.0,
          0.0
        ],
        [
          0.0,
          0.25,
          0.35355339059327373,
          0.25,
          4.3297802811774664e-17,
          -0.24999999999999997,
          -0.35355339059327373,
          -0.25000000000000006
        ],
        [
          0.0,
          0.35355339059327373,
          4.3297802811774664e-17,
          -0.35355339059327373,
          -8.659560562354933e-17,
          0.35355339059327373,
          1.2989340843532398e-16,
          -0.35355339059327373
        ],
        [
          0.0,
          0.25,
          -0.35355339059327373,
          0.24999999999999992,
          1.2989340843532398e-16,
          -0.25000000000000033,
          0.35355339059327373,
          -0.25000000000000006
        ],
        [
          0.0,
          4.3297802811774664e-17,
          -8.659560562354933e-17,
          1.2989340843532398e-16,
          -1.7319121124709866e-16,
          2.164890140588733e-16,
          -2.5978681687064796e-16,
          3.0308461968242264e-16
        ],
        [
          0.0,
          -0.24999999999999997,
          0.35355339059327373,
          -0.25000000000000033,
          2.164890140588733e-16,
          0.25,
          -0.35355339059327373,
          0.25000000000000044
        ],
        [
          0.0,
          -0.35355339059327373,
          1.2989340843532398e-16,
          0.35355339059327373,
          -2.5978681687064796e-16,
          -0.35355339059327373,
          3.89680225305972e-16,
          0.35355339059327373
        ],
        [
          0.0,
          -0.25000000000000006,
          -0.35355339059327373,
          -0.25000000000000006,
          3.0308461968242264e-16,
          0.25000000000000044,
          0.35355339059327373,
          0.24999999999999895
        ]
      ],
      "app_golden_code": "import numpy as np\nN = 8\ngolden = np.zeros((N, N), dtype=complex)\nfor j in range(N):\n    for k in range(N):\n        golden[j, k] = np.exp(2j * np.pi * j * k / N)\ngolden /= np.sqrt(N)",
      "construction_method": "3-qubit raw QFT matrix computed from the definition.",
      "self_check": "U @ U.conj().T == I (8x8), shape (8,8), unitary verified."
    }
  ]
}