{
  "runtime": "codex",
  "weights_id": "openai-gpt-5",
  "convention_ack": true,
  "submissions": [
    {
      "id": "bell",
      "n_sys": 2,
      "n_anc": 0,
      "app_golden_real": [
        [
          0.7071067811865475,
          0,
          0.7071067811865475,
          0
        ],
        [
          0,
          0.7071067811865475,
          0,
          0.7071067811865475
        ],
        [
          0,
          0.7071067811865475,
          0,
          -0.7071067811865475
        ],
        [
          0.7071067811865475,
          0,
          -0.7071067811865475,
          0
        ]
      ],
      "app_golden_imag": [
        [
          0,
          0,
          0,
          0
        ],
        [
          0,
          0,
          0,
          0
        ],
        [
          0,
          0,
          0,
          0
        ],
        [
          0,
          0,
          0,
          0
        ]
      ],
      "app_golden_code": "import numpy as np\nH = np.array([[1, 1], [1, -1]], dtype=complex) / np.sqrt(2)\nI = np.eye(2, dtype=complex)\nCNOT = np.array([[1, 0, 0, 0], [0, 1, 0, 0], [0, 0, 0, 1], [0, 0, 1, 0]], dtype=complex)\ngolden = CNOT @ np.kron(H, I)",
      "construction_method": "Matrix product CNOT @ (H tensor I): Hadamard on qubit 0 first, then CNOT with q0 as control and q1 as target.",
      "self_check": "Verified shape (4,4) and unitarity with U @ U.conj().T ~= I under big-endian U[out,in] convention."
    },
    {
      "id": "ghz3",
      "n_sys": 3,
      "n_anc": 0,
      "app_golden_real": [
        [
          0.7071067811865475,
          0,
          0,
          0,
          0.7071067811865475,
          0,
          0,
          0
        ],
        [
          0,
          0.7071067811865475,
          0,
          0,
          0,
          0.7071067811865475,
          0,
          0
        ],
        [
          0,
          0,
          0,
          0.7071067811865475,
          0,
          0,
          0,
          0.7071067811865475
        ],
        [
          0,
          0,
          0.7071067811865475,
          0,
          0,
          0,
          0.7071067811865475,
          0
        ],
        [
          0,
          0,
          0.7071067811865475,
          0,
          0,
          0,
          -0.7071067811865475,
          0
        ],
        [
          0,
          0,
          0,
          0.7071067811865475,
          0,
          0,
          0,
          -0.7071067811865475
        ],
        [
          0,
          0.7071067811865475,
          0,
          0,
          0,
          -0.7071067811865475,
          0,
          0
        ],
        [
          0.7071067811865475,
          0,
          0,
          0,
          -0.7071067811865475,
          0,
          0,
          0
        ]
      ],
      "app_golden_imag": [
        [
          0,
          0,
          0,
          0,
          0,
          0,
          0,
          0
        ],
        [
          0,
          0,
          0,
          0,
          0,
          0,
          0,
          0
        ],
        [
          0,
          0,
          0,
          0,
          0,
          0,
          0,
          0
        ],
        [
          0,
          0,
          0,
          0,
          0,
          0,
          0,
          0
        ],
        [
          0,
          0,
          0,
          0,
          0,
          0,
          0,
          0
        ],
        [
          0,
          0,
          0,
          0,
          0,
          0,
          0,
          0
        ],
        [
          0,
          0,
          0,
          0,
          0,
          0,
          0,
          0
        ],
        [
          0,
          0,
          0,
          0,
          0,
          0,
          0,
          0
        ]
      ],
      "app_golden_code": "import numpy as np\nH = np.array([[1, 1], [1, -1]], dtype=complex) / np.sqrt(2)\nI = np.eye(2, dtype=complex)\ndef cnot(n, control, target):\n    N = 2 ** n\n    U = np.zeros((N, N), dtype=complex)\n    for col in range(N):\n        bits = [(col >> (n - 1 - i)) & 1 for i in range(n)]\n        out = bits[:]\n        if bits[control] == 1:\n            out[target] ^= 1\n        row = sum(bit << (n - 1 - i) for i, bit in enumerate(out))\n        U[row, col] = 1\n    return U\ngolden = cnot(3, 1, 2) @ cnot(3, 0, 1) @ np.kron(np.kron(H, I), I)",
      "construction_method": "Matrix product CNOT(1->2) @ CNOT(0->1) @ H0 in big-endian indexing, so |000> maps to (|000>+|111>)/sqrt(2).",
      "self_check": "Verified shape (8,8) and unitarity with U @ U.conj().T ~= I under big-endian U[out,in] convention."
    },
    {
      "id": "ghz4",
      "n_sys": 4,
      "n_anc": 0,
      "app_golden_real": [
        [
          0.7071067811865475,
          0,
          0,
          0,
          0,
          0,
          0,
          0,
          0.7071067811865475,
          0,
          0,
          0,
          0,
          0,
          0,
          0
        ],
        [
          0,
          0.7071067811865475,
          0,
          0,
          0,
          0,
          0,
          0,
          0,
          0.7071067811865475,
          0,
          0,
          0,
          0,
          0,
          0
        ],
        [
          0,
          0,
          0,
          0.7071067811865475,
          0,
          0,
          0,
          0,
          0,
          0,
          0,
          0.7071067811865475,
          0,
          0,
          0,
          0
        ],
        [
          0,
          0,
          0.7071067811865475,
          0,
          0,
          0,
          0,
          0,
          0,
          0,
          0.7071067811865475,
          0,
          0,
          0,
          0,
          0
        ],
        [
          0,
          0,
          0,
          0,
          0,
          0,
          0.7071067811865475,
          0,
          0,
          0,
          0,
          0,
          0,
          0,
          0.7071067811865475,
          0
        ],
        [
          0,
          0,
          0,
          0,
          0,
          0,
          0,
          0.7071067811865475,
          0,
          0,
          0,
          0,
          0,
          0,
          0,
          0.7071067811865475
        ],
        [
          0,
          0,
          0,
          0,
          0,
          0.7071067811865475,
          0,
          0,
          0,
          0,
          0,
          0,
          0,
          0.7071067811865475,
          0,
          0
        ],
        [
          0,
          0,
          0,
          0,
          0.7071067811865475,
          0,
          0,
          0,
          0,
          0,
          0,
          0,
          0.7071067811865475,
          0,
          0,
          0
        ],
        [
          0,
          0,
          0,
          0,
          0.7071067811865475,
          0,
          0,
          0,
          0,
          0,
          0,
          0,
          -0.7071067811865475,
          0,
          0,
          0
        ],
        [
          0,
          0,
          0,
          0,
          0,
          0.7071067811865475,
          0,
          0,
          0,
          0,
          0,
          0,
          0,
          -0.7071067811865475,
          0,
          0
        ],
        [
          0,
          0,
          0,
          0,
          0,
          0,
          0,
          0.7071067811865475,
          0,
          0,
          0,
          0,
          0,
          0,
          0,
          -0.7071067811865475
        ],
        [
          0,
          0,
          0,
          0,
          0,
          0,
          0.7071067811865475,
          0,
          0,
          0,
          0,
          0,
          0,
          0,
          -0.7071067811865475,
          0
        ],
        [
          0,
          0,
          0.7071067811865475,
          0,
          0,
          0,
          0,
          0,
          0,
          0,
          -0.7071067811865475,
          0,
          0,
          0,
          0,
          0
        ],
        [
          0,
          0,
          0,
          0.7071067811865475,
          0,
          0,
          0,
          0,
          0,
          0,
          0,
          -0.7071067811865475,
          0,
          0,
          0,
          0
        ],
        [
          0,
          0.7071067811865475,
          0,
          0,
          0,
          0,
          0,
          0,
          0,
          -0.7071067811865475,
          0,
          0,
          0,
          0,
          0,
          0
        ],
        [
          0.7071067811865475,
          0,
          0,
          0,
          0,
          0,
          0,
          0,
          -0.7071067811865475,
          0,
          0,
          0,
          0,
          0,
          0,
          0
        ]
      ],
      "app_golden_imag": [
        [
          0,
          0,
          0,
          0,
          0,
          0,
          0,
          0,
          0,
          0,
          0,
          0,
          0,
          0,
          0,
          0
        ],
        [
          0,
          0,
          0,
          0,
          0,
          0,
          0,
          0,
          0,
          0,
          0,
          0,
          0,
          0,
          0,
          0
        ],
        [
          0,
          0,
          0,
          0,
          0,
          0,
          0,
          0,
          0,
          0,
          0,
          0,
          0,
          0,
          0,
          0
        ],
        [
          0,
          0,
          0,
          0,
          0,
          0,
          0,
          0,
          0,
          0,
          0,
          0,
          0,
          0,
          0,
          0
        ],
        [
          0,
          0,
          0,
          0,
          0,
          0,
          0,
          0,
          0,
          0,
          0,
          0,
          0,
          0,
          0,
          0
        ],
        [
          0,
          0,
          0,
          0,
          0,
          0,
          0,
          0,
          0,
          0,
          0,
          0,
          0,
          0,
          0,
          0
        ],
        [
          0,
          0,
          0,
          0,
          0,
          0,
          0,
          0,
          0,
          0,
          0,
          0,
          0,
          0,
          0,
          0
        ],
        [
          0,
          0,
          0,
          0,
          0,
          0,
          0,
          0,
          0,
          0,
          0,
          0,
          0,
          0,
          0,
          0
        ],
        [
          0,
          0,
          0,
          0,
          0,
          0,
          0,
          0,
          0,
          0,
          0,
          0,
          0,
          0,
          0,
          0
        ],
        [
          0,
          0,
          0,
          0,
          0,
          0,
          0,
          0,
          0,
          0,
          0,
          0,
          0,
          0,
          0,
          0
        ],
        [
          0,
          0,
          0,
          0,
          0,
          0,
          0,
          0,
          0,
          0,
          0,
          0,
          0,
          0,
          0,
          0
        ],
        [
          0,
          0,
          0,
          0,
          0,
          0,
          0,
          0,
          0,
          0,
          0,
          0,
          0,
          0,
          0,
          0
        ],
        [
          0,
          0,
          0,
          0,
          0,
          0,
          0,
          0,
          0,
          0,
          0,
          0,
          0,
          0,
          0,
          0
        ],
        [
          0,
          0,
          0,
          0,
          0,
          0,
          0,
          0,
          0,
          0,
          0,
          0,
          0,
          0,
          0,
          0
        ],
        [
          0,
          0,
          0,
          0,
          0,
          0,
          0,
          0,
          0,
          0,
          0,
          0,
          0,
          0,
          0,
          0
        ],
        [
          0,
          0,
          0,
          0,
          0,
          0,
          0,
          0,
          0,
          0,
          0,
          0,
          0,
          0,
          0,
          0
        ]
      ],
      "app_golden_code": "import numpy as np\nH = np.array([[1, 1], [1, -1]], dtype=complex) / np.sqrt(2)\nI = np.eye(2, dtype=complex)\ndef cnot(n, control, target):\n    N = 2 ** n\n    U = np.zeros((N, N), dtype=complex)\n    for col in range(N):\n        bits = [(col >> (n - 1 - i)) & 1 for i in range(n)]\n        out = bits[:]\n        if bits[control] == 1:\n            out[target] ^= 1\n        row = sum(bit << (n - 1 - i) for i, bit in enumerate(out))\n        U[row, col] = 1\n    return U\ngolden = cnot(4, 2, 3) @ cnot(4, 1, 2) @ cnot(4, 0, 1) @ np.kron(np.kron(np.kron(H, I), I), I)",
      "construction_method": "Matrix product CNOT(2->3) @ CNOT(1->2) @ CNOT(0->1) @ H0 in big-endian indexing, chaining the excitation across all four qubits.",
      "self_check": "Verified shape (16,16) and unitarity with U @ U.conj().T ~= I under big-endian U[out,in] convention."
    },
    {
      "id": "reflect00",
      "n_sys": 2,
      "n_anc": 0,
      "app_golden_real": [
        [
          1,
          0,
          0,
          0
        ],
        [
          0,
          -1,
          0,
          0
        ],
        [
          0,
          0,
          -1,
          0
        ],
        [
          0,
          0,
          0,
          -1
        ]
      ],
      "app_golden_imag": [
        [
          0,
          0,
          0,
          0
        ],
        [
          0,
          0,
          0,
          0
        ],
        [
          0,
          0,
          0,
          0
        ],
        [
          0,
          0,
          0,
          0
        ]
      ],
      "app_golden_code": "import numpy as np\n# 2|00><00| - I in big-endian basis |00>, |01>, |10>, |11>.\ngolden = np.diag([1, -1, -1, -1]).astype(complex)",
      "construction_method": "Direct projector reflection 2|00><00| - I, diagonal with +1 on |00> and -1 on all other computational basis states.",
      "self_check": "Verified shape (4,4) and unitarity with U @ U.conj().T ~= I under big-endian U[out,in] convention."
    },
    {
      "id": "diffusion",
      "n_sys": 2,
      "n_anc": 0,
      "app_golden_real": [
        [
          -0.4999999999999998,
          0.4999999999999998,
          0.4999999999999998,
          0.4999999999999998
        ],
        [
          0.4999999999999998,
          -0.4999999999999998,
          0.4999999999999998,
          0.4999999999999998
        ],
        [
          0.4999999999999998,
          0.4999999999999998,
          -0.4999999999999998,
          0.4999999999999998
        ],
        [
          0.4999999999999998,
          0.4999999999999998,
          0.4999999999999998,
          -0.4999999999999998
        ]
      ],
      "app_golden_imag": [
        [
          0,
          0,
          0,
          0
        ],
        [
          0,
          0,
          0,
          0
        ],
        [
          0,
          0,
          0,
          0
        ],
        [
          0,
          0,
          0,
          0
        ]
      ],
      "app_golden_code": "import numpy as np\nH = np.array([[1, 1], [1, -1]], dtype=complex) / np.sqrt(2)\nHH = np.kron(H, H)\nR00 = np.diag([1, -1, -1, -1]).astype(complex)\ngolden = HH @ R00 @ HH",
      "construction_method": "Grover diffusion as (H tensor H) @ (2|00><00| - I) @ (H tensor H), equivalent to reflection about the uniform state.",
      "self_check": "Verified shape (4,4) and unitarity with U @ U.conj().T ~= I under big-endian U[out,in] convention."
    },
    {
      "id": "grover2",
      "n_sys": 2,
      "n_anc": 0,
      "app_golden_real": [
        [
          -0.4999999999999998,
          0.4999999999999998,
          0.4999999999999998,
          -0.4999999999999998
        ],
        [
          0.4999999999999998,
          -0.4999999999999998,
          0.4999999999999998,
          -0.4999999999999998
        ],
        [
          0.4999999999999998,
          0.4999999999999998,
          -0.4999999999999998,
          -0.4999999999999998
        ],
        [
          0.4999999999999998,
          0.4999999999999998,
          0.4999999999999998,
          0.4999999999999998
        ]
      ],
      "app_golden_imag": [
        [
          0,
          0,
          0,
          0
        ],
        [
          0,
          0,
          0,
          0
        ],
        [
          0,
          0,
          0,
          0
        ],
        [
          0,
          0,
          0,
          0
        ]
      ],
      "app_golden_code": "import numpy as np\nH = np.array([[1, 1], [1, -1]], dtype=complex) / np.sqrt(2)\nHH = np.kron(H, H)\nR00 = np.diag([1, -1, -1, -1]).astype(complex)\nD = HH @ R00 @ HH\nO = np.diag([1, 1, 1, -1]).astype(complex)\ngolden = D @ O",
      "construction_method": "Matrix product D @ O with O=diag(1,1,1,-1) marking |11> and D the two-qubit diffusion operator.",
      "self_check": "Verified shape (4,4) and unitarity with U @ U.conj().T ~= I under big-endian U[out,in] convention."
    },
    {
      "id": "qft2",
      "n_sys": 2,
      "n_anc": 0,
      "app_golden_real": [
        [
          0.5,
          0.5,
          0.5,
          0.5
        ],
        [
          0.5,
          0,
          -0.5,
          0
        ],
        [
          0.5,
          -0.5,
          0.5,
          -0.5
        ],
        [
          0.5,
          0,
          -0.5,
          0
        ]
      ],
      "app_golden_imag": [
        [
          0,
          0,
          0,
          0
        ],
        [
          0,
          0.5,
          0,
          -0.5
        ],
        [
          0,
          0,
          0,
          0
        ],
        [
          0,
          -0.5,
          0,
          0.5
        ]
      ],
      "app_golden_code": "import numpy as np\nN = 4\nj = np.arange(N).reshape((N, 1))\nk = np.arange(N).reshape((1, N))\ngolden = np.exp(2j * np.pi * j * k / N) / np.sqrt(N)\ngolden.real[abs(golden.real) < 1e-15] = 0.0\ngolden.imag[abs(golden.imag) < 1e-15] = 0.0",
      "construction_method": "Raw QFT formula U[j,k]=exp(2*pi*i*j*k/4)/sqrt(4), using big-endian integer indices and no output bit reversal.",
      "self_check": "Verified shape (4,4) and unitarity with U @ U.conj().T ~= I under big-endian U[out,in] convention."
    },
    {
      "id": "qft3",
      "n_sys": 3,
      "n_anc": 0,
      "app_golden_real": [
        [
          0.35355339059327373,
          0.35355339059327373,
          0.35355339059327373,
          0.35355339059327373,
          0.35355339059327373,
          0.35355339059327373,
          0.35355339059327373,
          0.35355339059327373
        ],
        [
          0.35355339059327373,
          0.25,
          0,
          -0.24999999999999994,
          -0.35355339059327373,
          -0.25000000000000006,
          0,
          0.24999999999999992
        ],
        [
          0.35355339059327373,
          0,
          -0.35355339059327373,
          0,
          0.35355339059327373,
          0,
          -0.35355339059327373,
          0
        ],
        [
          0.35355339059327373,
          -0.24999999999999994,
          0,
          0.25000000000000006,
          -0.35355339059327373,
          0.24999999999999964,
          0,
          -0.24999999999999992
        ],
        [
          0.35355339059327373,
          -0.35355339059327373,
          0.35355339059327373,
          -0.35355339059327373,
          0.35355339059327373,
          -0.35355339059327373,
          0.35355339059327373,
          -0.35355339059327373
        ],
        [
          0.35355339059327373,
          -0.25000000000000006,
          0,
          0.24999999999999964,
          -0.35355339059327373,
          0.24999999999999994,
          0,
          -0.24999999999999947
        ],
        [
          0.35355339059327373,
          0,
          -0.35355339059327373,
          0,
          0.35355339059327373,
          0,
          -0.35355339059327373,
          0
        ],
        [
          0.35355339059327373,
          0.24999999999999992,
          0,
          -0.24999999999999992,
          -0.35355339059327373,
          -0.24999999999999947,
          0,
          0.250000000000001
        ]
      ],
      "app_golden_imag": [
        [
          0,
          0,
          0,
          0,
          0,
          0,
          0,
          0
        ],
        [
          0,
          0.25,
          0.35355339059327373,
          0.25,
          0,
          -0.24999999999999994,
          -0.35355339059327373,
          -0.25000000000000006
        ],
        [
          0,
          0.35355339059327373,
          0,
          -0.35355339059327373,
          0,
          0.35355339059327373,
          0,
          -0.35355339059327373
        ],
        [
          0,
          0.25,
          -0.35355339059327373,
          0.24999999999999992,
          0,
          -0.25000000000000033,
          0.35355339059327373,
          -0.25000000000000006
        ],
        [
          0,
          0,
          0,
          0,
          0,
          0,
          0,
          0
        ],
        [
          0,
          -0.24999999999999994,
          0.35355339059327373,
          -0.25000000000000033,
          0,
          0.25,
          -0.35355339059327373,
          0.25000000000000044
        ],
        [
          0,
          -0.35355339059327373,
          0,
          0.35355339059327373,
          0,
          -0.35355339059327373,
          0,
          0.35355339059327373
        ],
        [
          0,
          -0.25000000000000006,
          -0.35355339059327373,
          -0.25000000000000006,
          0,
          0.25000000000000044,
          0.35355339059327373,
          0.24999999999999895
        ]
      ],
      "app_golden_code": "import numpy as np\nN = 8\nj = np.arange(N).reshape((N, 1))\nk = np.arange(N).reshape((1, N))\ngolden = np.exp(2j * np.pi * j * k / N) / np.sqrt(N)\ngolden.real[abs(golden.real) < 1e-15] = 0.0\ngolden.imag[abs(golden.imag) < 1e-15] = 0.0",
      "construction_method": "Raw QFT formula U[j,k]=exp(2*pi*i*j*k/8)/sqrt(8), using big-endian integer indices and no output bit reversal.",
      "self_check": "Verified shape (8,8) and unitarity with U @ U.conj().T ~= I under big-endian U[out,in] convention."
    }
  ]
}
