{
  "runtime": "grok",
  "weights_id": "xai-grok-code-fast-1",
  "convention_ack": true,
  "submissions": [
    {
      "id": "bell",
      "n_sys": 2,
      "n_anc": 0,
      "app_golden_real": [
        [
          0.7071067811865475,
          0.0,
          0.7071067811865475,
          0.0
        ],
        [
          0.0,
          0.7071067811865475,
          0.0,
          0.7071067811865475
        ],
        [
          0.0,
          0.7071067811865475,
          0.0,
          -0.7071067811865475
        ],
        [
          0.7071067811865475,
          0.0,
          -0.7071067811865475,
          0.0
        ]
      ],
      "app_golden_imag": [
        [
          0.0,
          0.0,
          0.0,
          0.0
        ],
        [
          0.0,
          0.0,
          0.0,
          0.0
        ],
        [
          0.0,
          0.0,
          0.0,
          0.0
        ],
        [
          0.0,
          0.0,
          0.0,
          0.0
        ]
      ],
      "app_golden_code": "import numpy as np\nH = np.array([[1, 1], [1, -1]], dtype=complex) / np.sqrt(2)\nCNOT = np.array([[1, 0, 0, 0], [0, 1, 0, 0], [0, 0, 0, 1], [0, 0, 1, 0]], dtype=complex)\ngolden = CNOT @ np.kron(H, np.eye(2))",
      "construction_method": "Matrix product CNOT @ (H \u2297 I): Hadamard on qubit 0 (MSB) first, then CNOT(control=0, target=1).",
      "self_check": "Verified U @ U.conj().T \u2248 I and shape (4,4)."
    },
    {
      "id": "ghz3",
      "n_sys": 3,
      "n_anc": 0,
      "app_golden_real": [
        [
          0.7071067811865475,
          0.0,
          0.0,
          0.0,
          0.7071067811865475,
          0.0,
          0.0,
          0.0
        ],
        [
          0.0,
          0.7071067811865475,
          0.0,
          0.0,
          0.0,
          0.7071067811865475,
          0.0,
          0.0
        ],
        [
          0.0,
          0.0,
          0.0,
          0.7071067811865475,
          0.0,
          0.0,
          0.0,
          0.7071067811865475
        ],
        [
          0.0,
          0.0,
          0.7071067811865475,
          0.0,
          0.0,
          0.0,
          0.7071067811865475,
          0.0
        ],
        [
          0.0,
          0.0,
          0.7071067811865475,
          0.0,
          0.0,
          0.0,
          -0.7071067811865475,
          0.0
        ],
        [
          0.0,
          0.0,
          0.0,
          0.7071067811865475,
          0.0,
          0.0,
          0.0,
          -0.7071067811865475
        ],
        [
          0.0,
          0.7071067811865475,
          0.0,
          0.0,
          0.0,
          -0.7071067811865475,
          0.0,
          0.0
        ],
        [
          0.7071067811865475,
          0.0,
          0.0,
          0.0,
          -0.7071067811865475,
          0.0,
          0.0,
          0.0
        ]
      ],
      "app_golden_imag": [
        [
          0.0,
          0.0,
          0.0,
          0.0,
          0.0,
          0.0,
          0.0,
          0.0
        ],
        [
          0.0,
          0.0,
          0.0,
          0.0,
          0.0,
          0.0,
          0.0,
          0.0
        ],
        [
          0.0,
          0.0,
          0.0,
          0.0,
          0.0,
          0.0,
          0.0,
          0.0
        ],
        [
          0.0,
          0.0,
          0.0,
          0.0,
          0.0,
          0.0,
          0.0,
          0.0
        ],
        [
          0.0,
          0.0,
          0.0,
          0.0,
          0.0,
          0.0,
          0.0,
          0.0
        ],
        [
          0.0,
          0.0,
          0.0,
          0.0,
          0.0,
          0.0,
          0.0,
          0.0
        ],
        [
          0.0,
          0.0,
          0.0,
          0.0,
          0.0,
          0.0,
          0.0,
          0.0
        ],
        [
          0.0,
          0.0,
          0.0,
          0.0,
          0.0,
          0.0,
          0.0,
          0.0
        ]
      ],
      "app_golden_code": "import numpy as np\ndef gate_on_qubit(G, n, q):\n    ops = [G if k == q else np.eye(2, dtype=complex) for k in range(n)]\n    U = ops[0]\n    for op in ops[1:]:\n        U = np.kron(U, op)\n    return U\ndef cnot(n, control, target):\n    dim = 2 ** n\n    U = np.zeros((dim, dim), dtype=complex)\n    for i in range(dim):\n        bits = [(i >> (n - 1 - k)) & 1 for k in range(n)]\n        if bits[control] == 1:\n            bits[target] ^= 1\n        j = sum(bits[k] * (2 ** (n - 1 - k)) for k in range(n))\n        U[j, i] = 1\n    return U\nH = np.array([[1, 1], [1, -1]], dtype=complex) / np.sqrt(2)\ngolden = cnot(3, 1, 2) @ cnot(3, 0, 1) @ gate_on_qubit(H, 3, 0)",
      "construction_method": "Sequential circuit: H on q0, then CNOT(0\u21921), then CNOT(1\u21922) as CNOT12 @ CNOT01 @ H0.",
      "self_check": "Verified U @ U.conj().T \u2248 I and shape (8,8)."
    },
    {
      "id": "ghz4",
      "n_sys": 4,
      "n_anc": 0,
      "app_golden_real": [
        [
          0.7071067811865475,
          0.0,
          0.0,
          0.0,
          0.0,
          0.0,
          0.0,
          0.0,
          0.7071067811865475,
          0.0,
          0.0,
          0.0,
          0.0,
          0.0,
          0.0,
          0.0
        ],
        [
          0.0,
          0.7071067811865475,
          0.0,
          0.0,
          0.0,
          0.0,
          0.0,
          0.0,
          0.0,
          0.7071067811865475,
          0.0,
          0.0,
          0.0,
          0.0,
          0.0,
          0.0
        ],
        [
          0.0,
          0.0,
          0.0,
          0.7071067811865475,
          0.0,
          0.0,
          0.0,
          0.0,
          0.0,
          0.0,
          0.0,
          0.7071067811865475,
          0.0,
          0.0,
          0.0,
          0.0
        ],
        [
          0.0,
          0.0,
          0.7071067811865475,
          0.0,
          0.0,
          0.0,
          0.0,
          0.0,
          0.0,
          0.0,
          0.7071067811865475,
          0.0,
          0.0,
          0.0,
          0.0,
          0.0
        ],
        [
          0.0,
          0.0,
          0.0,
          0.0,
          0.0,
          0.0,
          0.7071067811865475,
          0.0,
          0.0,
          0.0,
          0.0,
          0.0,
          0.0,
          0.0,
          0.7071067811865475,
          0.0
        ],
        [
          0.0,
          0.0,
          0.0,
          0.0,
          0.0,
          0.0,
          0.0,
          0.7071067811865475,
          0.0,
          0.0,
          0.0,
          0.0,
          0.0,
          0.0,
          0.0,
          0.7071067811865475
        ],
        [
          0.0,
          0.0,
          0.0,
          0.0,
          0.0,
          0.7071067811865475,
          0.0,
          0.0,
          0.0,
          0.0,
          0.0,
          0.0,
          0.0,
          0.7071067811865475,
          0.0,
          0.0
        ],
        [
          0.0,
          0.0,
          0.0,
          0.0,
          0.7071067811865475,
          0.0,
          0.0,
          0.0,
          0.0,
          0.0,
          0.0,
          0.0,
          0.7071067811865475,
          0.0,
          0.0,
          0.0
        ],
        [
          0.0,
          0.0,
          0.0,
          0.0,
          0.7071067811865475,
          0.0,
          0.0,
          0.0,
          0.0,
          0.0,
          0.0,
          0.0,
          -0.7071067811865475,
          0.0,
          0.0,
          0.0
        ],
        [
          0.0,
          0.0,
          0.0,
          0.0,
          0.0,
          0.7071067811865475,
          0.0,
          0.0,
          0.0,
          0.0,
          0.0,
          0.0,
          0.0,
          -0.7071067811865475,
          0.0,
          0.0
        ],
        [
          0.0,
          0.0,
          0.0,
          0.0,
          0.0,
          0.0,
          0.0,
          0.7071067811865475,
          0.0,
          0.0,
          0.0,
          0.0,
          0.0,
          0.0,
          0.0,
          -0.7071067811865475
        ],
        [
          0.0,
          0.0,
          0.0,
          0.0,
          0.0,
          0.0,
          0.7071067811865475,
          0.0,
          0.0,
          0.0,
          0.0,
          0.0,
          0.0,
          0.0,
          -0.7071067811865475,
          0.0
        ],
        [
          0.0,
          0.0,
          0.7071067811865475,
          0.0,
          0.0,
          0.0,
          0.0,
          0.0,
          0.0,
          0.0,
          -0.7071067811865475,
          0.0,
          0.0,
          0.0,
          0.0,
          0.0
        ],
        [
          0.0,
          0.0,
          0.0,
          0.7071067811865475,
          0.0,
          0.0,
          0.0,
          0.0,
          0.0,
          0.0,
          0.0,
          -0.7071067811865475,
          0.0,
          0.0,
          0.0,
          0.0
        ],
        [
          0.0,
          0.7071067811865475,
          0.0,
          0.0,
          0.0,
          0.0,
          0.0,
          0.0,
          0.0,
          -0.7071067811865475,
          0.0,
          0.0,
          0.0,
          0.0,
          0.0,
          0.0
        ],
        [
          0.7071067811865475,
          0.0,
          0.0,
          0.0,
          0.0,
          0.0,
          0.0,
          0.0,
          -0.7071067811865475,
          0.0,
          0.0,
          0.0,
          0.0,
          0.0,
          0.0,
          0.0
        ]
      ],
      "app_golden_imag": [
        [
          0.0,
          0.0,
          0.0,
          0.0,
          0.0,
          0.0,
          0.0,
          0.0,
          0.0,
          0.0,
          0.0,
          0.0,
          0.0,
          0.0,
          0.0,
          0.0
        ],
        [
          0.0,
          0.0,
          0.0,
          0.0,
          0.0,
          0.0,
          0.0,
          0.0,
          0.0,
          0.0,
          0.0,
          0.0,
          0.0,
          0.0,
          0.0,
          0.0
        ],
        [
          0.0,
          0.0,
          0.0,
          0.0,
          0.0,
          0.0,
          0.0,
          0.0,
          0.0,
          0.0,
          0.0,
          0.0,
          0.0,
          0.0,
          0.0,
          0.0
        ],
        [
          0.0,
          0.0,
          0.0,
          0.0,
          0.0,
          0.0,
          0.0,
          0.0,
          0.0,
          0.0,
          0.0,
          0.0,
          0.0,
          0.0,
          0.0,
          0.0
        ],
        [
          0.0,
          0.0,
          0.0,
          0.0,
          0.0,
          0.0,
          0.0,
          0.0,
          0.0,
          0.0,
          0.0,
          0.0,
          0.0,
          0.0,
          0.0,
          0.0
        ],
        [
          0.0,
          0.0,
          0.0,
          0.0,
          0.0,
          0.0,
          0.0,
          0.0,
          0.0,
          0.0,
          0.0,
          0.0,
          0.0,
          0.0,
          0.0,
          0.0
        ],
        [
          0.0,
          0.0,
          0.0,
          0.0,
          0.0,
          0.0,
          0.0,
          0.0,
          0.0,
          0.0,
          0.0,
          0.0,
          0.0,
          0.0,
          0.0,
          0.0
        ],
        [
          0.0,
          0.0,
          0.0,
          0.0,
          0.0,
          0.0,
          0.0,
          0.0,
          0.0,
          0.0,
          0.0,
          0.0,
          0.0,
          0.0,
          0.0,
          0.0
        ],
        [
          0.0,
          0.0,
          0.0,
          0.0,
          0.0,
          0.0,
          0.0,
          0.0,
          0.0,
          0.0,
          0.0,
          0.0,
          0.0,
          0.0,
          0.0,
          0.0
        ],
        [
          0.0,
          0.0,
          0.0,
          0.0,
          0.0,
          0.0,
          0.0,
          0.0,
          0.0,
          0.0,
          0.0,
          0.0,
          0.0,
          0.0,
          0.0,
          0.0
        ],
        [
          0.0,
          0.0,
          0.0,
          0.0,
          0.0,
          0.0,
          0.0,
          0.0,
          0.0,
          0.0,
          0.0,
          0.0,
          0.0,
          0.0,
          0.0,
          0.0
        ],
        [
          0.0,
          0.0,
          0.0,
          0.0,
          0.0,
          0.0,
          0.0,
          0.0,
          0.0,
          0.0,
          0.0,
          0.0,
          0.0,
          0.0,
          0.0,
          0.0
        ],
        [
          0.0,
          0.0,
          0.0,
          0.0,
          0.0,
          0.0,
          0.0,
          0.0,
          0.0,
          0.0,
          0.0,
          0.0,
          0.0,
          0.0,
          0.0,
          0.0
        ],
        [
          0.0,
          0.0,
          0.0,
          0.0,
          0.0,
          0.0,
          0.0,
          0.0,
          0.0,
          0.0,
          0.0,
          0.0,
          0.0,
          0.0,
          0.0,
          0.0
        ],
        [
          0.0,
          0.0,
          0.0,
          0.0,
          0.0,
          0.0,
          0.0,
          0.0,
          0.0,
          0.0,
          0.0,
          0.0,
          0.0,
          0.0,
          0.0,
          0.0
        ],
        [
          0.0,
          0.0,
          0.0,
          0.0,
          0.0,
          0.0,
          0.0,
          0.0,
          0.0,
          0.0,
          0.0,
          0.0,
          0.0,
          0.0,
          0.0,
          0.0
        ]
      ],
      "app_golden_code": "import numpy as np\ndef gate_on_qubit(G, n, q):\n    ops = [G if k == q else np.eye(2, dtype=complex) for k in range(n)]\n    U = ops[0]\n    for op in ops[1:]:\n        U = np.kron(U, op)\n    return U\ndef cnot(n, control, target):\n    dim = 2 ** n\n    U = np.zeros((dim, dim), dtype=complex)\n    for i in range(dim):\n        bits = [(i >> (n - 1 - k)) & 1 for k in range(n)]\n        if bits[control] == 1:\n            bits[target] ^= 1\n        j = sum(bits[k] * (2 ** (n - 1 - k)) for k in range(n))\n        U[j, i] = 1\n    return U\nH = np.array([[1, 1], [1, -1]], dtype=complex) / np.sqrt(2)\ngolden = cnot(4, 2, 3) @ cnot(4, 1, 2) @ cnot(4, 0, 1) @ gate_on_qubit(H, 4, 0)",
      "construction_method": "GHZ-4 chain: H on q0, then CNOT(0\u21921), CNOT(1\u21922), CNOT(2\u21923) as product of CNOTs @ H0.",
      "self_check": "Verified U @ U.conj().T \u2248 I and shape (16,16)."
    },
    {
      "id": "reflect00",
      "n_sys": 2,
      "n_anc": 0,
      "app_golden_real": [
        [
          1.0,
          0.0,
          0.0,
          0.0
        ],
        [
          0.0,
          -1.0,
          0.0,
          0.0
        ],
        [
          0.0,
          0.0,
          -1.0,
          0.0
        ],
        [
          0.0,
          0.0,
          0.0,
          -1.0
        ]
      ],
      "app_golden_imag": [
        [
          0.0,
          0.0,
          0.0,
          0.0
        ],
        [
          0.0,
          0.0,
          0.0,
          0.0
        ],
        [
          0.0,
          0.0,
          0.0,
          0.0
        ],
        [
          0.0,
          0.0,
          0.0,
          0.0
        ]
      ],
      "app_golden_code": "import numpy as np\n# Reflection 2|00><00| - I\ngolden = np.diag([1, -1, -1, -1]).astype(complex)",
      "construction_method": "Direct diagonal definition: +1 on |00>, -1 on |01>, |10>, |11>.",
      "self_check": "Verified U @ U.conj().T \u2248 I and shape (4,4)."
    },
    {
      "id": "diffusion",
      "n_sys": 2,
      "n_anc": 0,
      "app_golden_real": [
        [
          -0.4999999999999998,
          0.4999999999999998,
          0.4999999999999998,
          0.4999999999999998
        ],
        [
          0.4999999999999998,
          -0.4999999999999998,
          0.4999999999999998,
          0.4999999999999998
        ],
        [
          0.4999999999999998,
          0.4999999999999998,
          -0.4999999999999998,
          0.4999999999999998
        ],
        [
          0.4999999999999998,
          0.4999999999999998,
          0.4999999999999998,
          -0.4999999999999998
        ]
      ],
      "app_golden_imag": [
        [
          0.0,
          0.0,
          0.0,
          0.0
        ],
        [
          0.0,
          0.0,
          0.0,
          0.0
        ],
        [
          0.0,
          0.0,
          0.0,
          0.0
        ],
        [
          0.0,
          0.0,
          0.0,
          0.0
        ]
      ],
      "app_golden_code": "import numpy as np\nH = np.array([[1, 1], [1, -1]], dtype=complex) / np.sqrt(2)\nHH = np.kron(H, H)\nR = np.diag([1, -1, -1, -1]).astype(complex)\ngolden = HH @ R @ HH",
      "construction_method": "Grover diffusion D = (H\u2297H) @ (2|00><00|-I) @ (H\u2297H); rightmost H\u2297H applied first.",
      "self_check": "Verified U @ U.conj().T \u2248 I and shape (4,4)."
    },
    {
      "id": "grover2",
      "n_sys": 2,
      "n_anc": 0,
      "app_golden_real": [
        [
          -0.4999999999999998,
          0.4999999999999998,
          0.4999999999999998,
          -0.4999999999999998
        ],
        [
          0.4999999999999998,
          -0.4999999999999998,
          0.4999999999999998,
          -0.4999999999999998
        ],
        [
          0.4999999999999998,
          0.4999999999999998,
          -0.4999999999999998,
          -0.4999999999999998
        ],
        [
          0.4999999999999998,
          0.4999999999999998,
          0.4999999999999998,
          0.4999999999999998
        ]
      ],
      "app_golden_imag": [
        [
          0.0,
          0.0,
          0.0,
          0.0
        ],
        [
          0.0,
          0.0,
          0.0,
          0.0
        ],
        [
          0.0,
          0.0,
          0.0,
          0.0
        ],
        [
          0.0,
          0.0,
          0.0,
          0.0
        ]
      ],
      "app_golden_code": "import numpy as np\nH = np.array([[1, 1], [1, -1]], dtype=complex) / np.sqrt(2)\nHH = np.kron(H, H)\nR = np.diag([1, -1, -1, -1]).astype(complex)\nD = HH @ R @ HH\nO = np.diag([1, 1, 1, -1]).astype(complex)\ngolden = D @ O",
      "construction_method": "Grover iterate G = D @ O: oracle O=diag(1,1,1,-1) on |11> first, then diffusion D.",
      "self_check": "Verified U @ U.conj().T \u2248 I and shape (4,4)."
    },
    {
      "id": "qft2",
      "n_sys": 2,
      "n_anc": 0,
      "app_golden_real": [
        [
          0.5,
          0.5,
          0.5,
          0.5
        ],
        [
          0.5,
          3.061616997868383e-17,
          -0.5,
          -9.184850993605148e-17
        ],
        [
          0.5,
          -0.5,
          0.5,
          -0.5
        ],
        [
          0.5,
          -9.184850993605148e-17,
          -0.5,
          2.755455298081545e-16
        ]
      ],
      "app_golden_imag": [
        [
          0.0,
          0.0,
          0.0,
          0.0
        ],
        [
          0.0,
          0.5,
          6.123233995736766e-17,
          -0.5
        ],
        [
          0.0,
          6.123233995736766e-17,
          -1.2246467991473532e-16,
          1.8369701987210297e-16
        ],
        [
          0.0,
          -0.5,
          1.8369701987210297e-16,
          0.5
        ]
      ],
      "app_golden_code": "import numpy as np\nN = 4\ngolden = np.zeros((N, N), dtype=complex)\nfor j in range(N):\n    for k in range(N):\n        golden[j, k] = np.exp(2j * np.pi * j * k / N) / np.sqrt(N)",
      "construction_method": "Raw 2-qubit QFT: U[j,k] = exp(2\u03c0ijk/4)/2, big-endian indexing, no bit-reversal.",
      "self_check": "Verified U @ U.conj().T \u2248 I and shape (4,4)."
    },
    {
      "id": "qft3",
      "n_sys": 3,
      "n_anc": 0,
      "app_golden_real": [
        [
          0.35355339059327373,
          0.35355339059327373,
          0.35355339059327373,
          0.35355339059327373,
          0.35355339059327373,
          0.35355339059327373,
          0.35355339059327373,
          0.35355339059327373
        ],
        [
          0.35355339059327373,
          0.25,
          2.164890140588733e-17,
          -0.24999999999999994,
          -0.35355339059327373,
          -0.25000000000000006,
          -6.494670421766199e-17,
          0.24999999999999992
        ],
        [
          0.35355339059327373,
          2.164890140588733e-17,
          -0.35355339059327373,
          -6.494670421766199e-17,
          0.35355339059327373,
          1.0824450702943665e-16,
          -0.35355339059327373,
          -1.5154230984121132e-16
        ],
        [
          0.35355339059327373,
          -0.24999999999999994,
          -6.494670421766199e-17,
          0.25000000000000006,
          -0.35355339059327373,
          0.24999999999999964,
          1.9484011265298597e-16,
          -0.24999999999999992
        ],
        [
          0.35355339059327373,
          -0.35355339059327373,
          0.35355339059327373,
          -0.35355339059327373,
          0.35355339059327373,
          -0.35355339059327373,
          0.35355339059327373,
          -0.35355339059327373
        ],
        [
          0.35355339059327373,
          -0.25000000000000006,
          1.0824450702943665e-16,
          0.24999999999999964,
          -0.35355339059327373,
          0.24999999999999994,
          -9.5277050456182e-16,
          -0.24999999999999947
        ],
        [
          0.35355339059327373,
          -6.494670421766199e-17,
          -0.35355339059327373,
          1.9484011265298597e-16,
          0.35355339059327373,
          -9.5277050456182e-16,
          -0.35355339059327373,
          -1.7341005394987604e-16
        ],
        [
          0.35355339059327373,
          0.24999999999999992,
          -1.5154230984121132e-16,
          -0.24999999999999992,
          -0.35355339059327373,
          -0.24999999999999947,
          -1.7341005394987604e-16,
          0.250000000000001
        ]
      ],
      "app_golden_imag": [
        [
          0.0,
          0.0,
          0.0,
          0.0,
          0.0,
          0.0,
          0.0,
          0.0
        ],
        [
          0.0,
          0.25,
          0.35355339059327373,
          0.25,
          4.329780281177466e-17,
          -0.24999999999999994,
          -0.35355339059327373,
          -0.25000000000000006
        ],
        [
          0.0,
          0.35355339059327373,
          4.329780281177466e-17,
          -0.35355339059327373,
          -8.659560562354932e-17,
          0.35355339059327373,
          1.2989340843532398e-16,
          -0.35355339059327373
        ],
        [
          0.0,
          0.25,
          -0.35355339059327373,
          0.24999999999999992,
          1.2989340843532398e-16,
          -0.25000000000000033,
          0.35355339059327373,
          -0.25000000000000006
        ],
        [
          0.0,
          4.329780281177466e-17,
          -8.659560562354932e-17,
          1.2989340843532398e-16,
          -1.7319121124709863e-16,
          2.164890140588733e-16,
          -2.5978681687064796e-16,
          3.0308461968242264e-16
        ],
        [
          0.0,
          -0.24999999999999994,
          0.35355339059327373,
          -0.25000000000000033,
          2.164890140588733e-16,
          0.25,
          -0.35355339059327373,
          0.25000000000000044
        ],
        [
          0.0,
          -0.35355339059327373,
          1.2989340843532398e-16,
          0.35355339059327373,
          -2.5978681687064796e-16,
          -0.35355339059327373,
          3.8968022530597194e-16,
          0.35355339059327373
        ],
        [
          0.0,
          -0.25000000000000006,
          -0.35355339059327373,
          -0.25000000000000006,
          3.0308461968242264e-16,
          0.25000000000000044,
          0.35355339059327373,
          0.24999999999999895
        ]
      ],
      "app_golden_code": "import numpy as np\nN = 8\ngolden = np.zeros((N, N), dtype=complex)\nfor j in range(N):\n    for k in range(N):\n        golden[j, k] = np.exp(2j * np.pi * j * k / N) / np.sqrt(N)",
      "construction_method": "Raw 3-qubit QFT: U[j,k] = exp(2\u03c0ijk/8)/\u221a8, big-endian indexing, no bit-reversal.",
      "self_check": "Verified U @ U.conj().T \u2248 I and shape (8,8)."
    }
  ]
}
