{
  "runtime": "deepseek",
  "weights_id": "deepseek-v4-pro",
  "convention_ack": true,
  "submissions": [
    {
      "id": "x_gate",
      "n_sys": 1,
      "n_anc": 0,
      "golden_real": [
        [
          0.0,
          1.0
        ],
        [
          1.0,
          0.0
        ]
      ],
      "golden_imag": [
        [
          0.0,
          0.0
        ],
        [
          0.0,
          0.0
        ]
      ],
      "golden_code": "import numpy as np\ngolden = np.array([[0,1],[1,0]], dtype=complex)",
      "construction_method": "Pauli-X: swaps |0> and |1>. Matrix [[0,1],[1,0]].",
      "self_check": "U @ U.conj().T ~ I (atol 1e-12), shape (2,2). Code reproduces."
    },
    {
      "id": "z_gate",
      "n_sys": 1,
      "n_anc": 0,
      "golden_real": [
        [
          1.0,
          0.0
        ],
        [
          0.0,
          -1.0
        ]
      ],
      "golden_imag": [
        [
          0.0,
          0.0
        ],
        [
          0.0,
          0.0
        ]
      ],
      "golden_code": "import numpy as np\ngolden = np.array([[1,0],[0,-1]], dtype=complex)",
      "construction_method": "Pauli-Z: |0> -> |0>, |1> -> -|1>. diag(1,-1).",
      "self_check": "U @ U.conj().T ~ I (atol 1e-12), shape (2,2). Code reproduces."
    },
    {
      "id": "h_gate",
      "n_sys": 1,
      "n_anc": 0,
      "golden_real": [
        [
          0.7071067811865475,
          0.7071067811865475
        ],
        [
          0.7071067811865475,
          -0.7071067811865475
        ]
      ],
      "golden_imag": [
        [
          0.0,
          0.0
        ],
        [
          0.0,
          0.0
        ]
      ],
      "golden_code": "import numpy as np\ngolden = np.array([[1/np.sqrt(2),1/np.sqrt(2)],[1/np.sqrt(2),-1/np.sqrt(2)]], dtype=complex)",
      "construction_method": "Hadamard: H=(1/sqrt2)[[1,1],[1,-1]].",
      "self_check": "U @ U.conj().T ~ I (atol 1e-12), shape (2,2). Code reproduces."
    },
    {
      "id": "cnot",
      "n_sys": 2,
      "n_anc": 0,
      "golden_real": [
        [
          1.0,
          0.0,
          0.0,
          0.0
        ],
        [
          0.0,
          1.0,
          0.0,
          0.0
        ],
        [
          0.0,
          0.0,
          0.0,
          1.0
        ],
        [
          0.0,
          0.0,
          1.0,
          0.0
        ]
      ],
      "golden_imag": [
        [
          0.0,
          0.0,
          0.0,
          0.0
        ],
        [
          0.0,
          0.0,
          0.0,
          0.0
        ],
        [
          0.0,
          0.0,
          0.0,
          0.0
        ],
        [
          0.0,
          0.0,
          0.0,
          0.0
        ]
      ],
      "golden_code": "import numpy as np\ngolden = np.zeros((4,4), dtype=complex)\ngolden[0,0]=1; golden[1,1]=1; golden[3,2]=1; golden[2,3]=1",
      "construction_method": "CNOT: control=q0(MSB), target=q1. |10>->|11>, |11>->|10>.",
      "self_check": "U @ U.conj().T ~ I (atol 1e-12), shape (4,4). Code reproduces."
    },
    {
      "id": "swap2",
      "n_sys": 2,
      "n_anc": 0,
      "golden_real": [
        [
          1.0,
          0.0,
          0.0,
          0.0
        ],
        [
          0.0,
          0.0,
          1.0,
          0.0
        ],
        [
          0.0,
          1.0,
          0.0,
          0.0
        ],
        [
          0.0,
          0.0,
          0.0,
          1.0
        ]
      ],
      "golden_imag": [
        [
          0.0,
          0.0,
          0.0,
          0.0
        ],
        [
          0.0,
          0.0,
          0.0,
          0.0
        ],
        [
          0.0,
          0.0,
          0.0,
          0.0
        ],
        [
          0.0,
          0.0,
          0.0,
          0.0
        ]
      ],
      "golden_code": "import numpy as np\ngolden = np.zeros((4,4), dtype=complex)\ngolden[0,0]=1; golden[2,1]=1; golden[1,2]=1; golden[3,3]=1",
      "construction_method": "SWAP: |ab>->|ba>. |01>(idx1)->|10>(idx2), |10>(idx2)->|01>(idx1).",
      "self_check": "U @ U.conj().T ~ I (atol 1e-12), shape (4,4). Code reproduces."
    },
    {
      "id": "toffoli",
      "n_sys": 3,
      "n_anc": 0,
      "golden_real": [
        [
          1.0,
          0.0,
          0.0,
          0.0,
          0.0,
          0.0,
          0.0,
          0.0
        ],
        [
          0.0,
          1.0,
          0.0,
          0.0,
          0.0,
          0.0,
          0.0,
          0.0
        ],
        [
          0.0,
          0.0,
          1.0,
          0.0,
          0.0,
          0.0,
          0.0,
          0.0
        ],
        [
          0.0,
          0.0,
          0.0,
          1.0,
          0.0,
          0.0,
          0.0,
          0.0
        ],
        [
          0.0,
          0.0,
          0.0,
          0.0,
          1.0,
          0.0,
          0.0,
          0.0
        ],
        [
          0.0,
          0.0,
          0.0,
          0.0,
          0.0,
          1.0,
          0.0,
          0.0
        ],
        [
          0.0,
          0.0,
          0.0,
          0.0,
          0.0,
          0.0,
          0.0,
          1.0
        ],
        [
          0.0,
          0.0,
          0.0,
          0.0,
          0.0,
          0.0,
          1.0,
          0.0
        ]
      ],
      "golden_imag": [
        [
          0.0,
          0.0,
          0.0,
          0.0,
          0.0,
          0.0,
          0.0,
          0.0
        ],
        [
          0.0,
          0.0,
          0.0,
          0.0,
          0.0,
          0.0,
          0.0,
          0.0
        ],
        [
          0.0,
          0.0,
          0.0,
          0.0,
          0.0,
          0.0,
          0.0,
          0.0
        ],
        [
          0.0,
          0.0,
          0.0,
          0.0,
          0.0,
          0.0,
          0.0,
          0.0
        ],
        [
          0.0,
          0.0,
          0.0,
          0.0,
          0.0,
          0.0,
          0.0,
          0.0
        ],
        [
          0.0,
          0.0,
          0.0,
          0.0,
          0.0,
          0.0,
          0.0,
          0.0
        ],
        [
          0.0,
          0.0,
          0.0,
          0.0,
          0.0,
          0.0,
          0.0,
          0.0
        ],
        [
          0.0,
          0.0,
          0.0,
          0.0,
          0.0,
          0.0,
          0.0,
          0.0
        ]
      ],
      "golden_code": "import numpy as np\ngolden = np.eye(8, dtype=complex)\ngolden[6,6]=0; golden[7,7]=0; golden[7,6]=1; golden[6,7]=1",
      "construction_method": "Toffoli: controls=q0,q1, target=q2. |110><->|111>.",
      "self_check": "U @ U.conj().T ~ I (atol 1e-12), shape (8,8). Code reproduces."
    },
    {
      "id": "qft2",
      "n_sys": 2,
      "n_anc": 0,
      "golden_real": [
        [
          0.5,
          0.5,
          0.5,
          0.5
        ],
        [
          0.5,
          3.061616997868383e-17,
          -0.5,
          -9.184850993605148e-17
        ],
        [
          0.5,
          -0.5,
          0.5,
          -0.5
        ],
        [
          0.5,
          -9.184850993605148e-17,
          -0.5,
          2.755455298081545e-16
        ]
      ],
      "golden_imag": [
        [
          0.0,
          0.0,
          0.0,
          0.0
        ],
        [
          0.0,
          0.5,
          6.123233995736766e-17,
          -0.5
        ],
        [
          0.0,
          6.123233995736766e-17,
          -1.2246467991473532e-16,
          1.8369701987210297e-16
        ],
        [
          0.0,
          -0.5,
          1.8369701987210297e-16,
          0.5
        ]
      ],
      "golden_code": "import numpy as np\nN=4; omega=np.exp(2j*np.pi/N)\ngolden = np.array([[omega**(j*k)/np.sqrt(N) for k in range(N)] for j in range(N)]).astype(complex)",
      "construction_method": "QFT2: U[j,k]=(1/2)*omega^(jk), omega=exp(2*pi*i/4)=i. Big-endian, no bit-reversal.",
      "self_check": "U @ U.conj().T ~ I (atol 1e-12), shape (4,4). Code reproduces."
    },
    {
      "id": "qft3",
      "n_sys": 3,
      "n_anc": 0,
      "golden_real": [
        [
          0.35355339059327373,
          0.35355339059327373,
          0.35355339059327373,
          0.35355339059327373,
          0.35355339059327373,
          0.35355339059327373,
          0.35355339059327373,
          0.35355339059327373
        ],
        [
          0.35355339059327373,
          0.25,
          0.0,
          -0.25000000000000006,
          -0.3535533905932739,
          -0.2500000000000001,
          -0.0,
          0.25000000000000017
        ],
        [
          0.35355339059327373,
          0.0,
          -0.3535533905932739,
          -0.0,
          0.35355339059327406,
          0.0,
          -0.3535533905932742,
          -0.0
        ],
        [
          0.35355339059327373,
          -0.25000000000000006,
          -0.0,
          0.2500000000000002,
          -0.3535533905932742,
          0.2500000000000004,
          0.0,
          -0.25000000000000056
        ],
        [
          0.35355339059327373,
          -0.3535533905932739,
          0.35355339059327406,
          -0.3535533905932742,
          0.35355339059327434,
          -0.3535533905932745,
          0.3535533905932747,
          -0.35355339059327484
        ],
        [
          0.35355339059327373,
          -0.2500000000000001,
          0.0,
          0.2500000000000004,
          -0.3535533905932745,
          0.25000000000000067,
          -0.0,
          -0.25000000000000094
        ],
        [
          0.35355339059327373,
          -0.0,
          -0.3535533905932742,
          0.0,
          0.3535533905932747,
          -0.0,
          -0.3535533905932751,
          0.0
        ],
        [
          0.35355339059327373,
          0.25000000000000017,
          -0.0,
          -0.25000000000000056,
          -0.35355339059327484,
          -0.25000000000000094,
          0.0,
          0.25000000000000133
        ]
      ],
      "golden_imag": [
        [
          0.0,
          0.0,
          0.0,
          0.0,
          0.0,
          0.0,
          0.0,
          0.0
        ],
        [
          0.0,
          0.25,
          0.3535533905932738,
          0.25000000000000006,
          0.0,
          -0.2500000000000001,
          -0.35355339059327395,
          -0.25000000000000017
        ],
        [
          0.0,
          0.3535533905932738,
          0.0,
          -0.35355339059327395,
          0.0,
          0.3535533905932741,
          0.0,
          -0.3535533905932743
        ],
        [
          0.0,
          0.25000000000000006,
          -0.35355339059327395,
          0.2500000000000002,
          0.0,
          -0.2500000000000004,
          0.35355339059327445,
          -0.25000000000000056
        ],
        [
          0.0,
          0.0,
          0.0,
          0.0,
          0.0,
          0.0,
          0.0,
          0.0
        ],
        [
          0.0,
          -0.2500000000000001,
          0.3535533905932741,
          -0.2500000000000004,
          0.0,
          0.25000000000000067,
          -0.3535533905932749,
          0.25000000000000094
        ],
        [
          0.0,
          -0.35355339059327395,
          0.0,
          0.35355339059327445,
          0.0,
          -0.3535533905932749,
          0.0,
          0.3535533905932754
        ],
        [
          0.0,
          -0.25000000000000017,
          -0.3535533905932743,
          -0.25000000000000056,
          0.0,
          0.25000000000000094,
          0.3535533905932754,
          0.25000000000000133
        ]
      ],
      "golden_code": "import numpy as np\nN=8; omega=np.exp(2j*np.pi/N)\ngolden = np.array([[omega**(j*k)/np.sqrt(N) for k in range(N)] for j in range(N)]).astype(complex)",
      "construction_method": "QFT3: U[j,k]=(1/sqrt8)*omega^(jk), omega=exp(2*pi*i/8). Big-endian, no bit-reversal.",
      "self_check": "U @ U.conj().T ~ I (atol 1e-12), shape (8,8). Code reproduces."
    },
    {
      "id": "s_gate",
      "n_sys": 1,
      "n_anc": 0,
      "golden_real": [
        [
          1.0,
          0.0
        ],
        [
          0.0,
          0.0
        ]
      ],
      "golden_imag": [
        [
          0.0,
          0.0
        ],
        [
          0.0,
          1.0
        ]
      ],
      "golden_code": "import numpy as np\ngolden = np.array([[1,0],[0,1j]], dtype=complex)",
      "construction_method": "S gate: diag(1,i).",
      "self_check": "U @ U.conj().T ~ I (atol 1e-12), shape (2,2). Code reproduces."
    },
    {
      "id": "t_gate",
      "n_sys": 1,
      "n_anc": 0,
      "golden_real": [
        [
          1.0,
          0.0
        ],
        [
          0.0,
          0.7071067811865476
        ]
      ],
      "golden_imag": [
        [
          0.0,
          0.0
        ],
        [
          0.0,
          0.7071067811865476
        ]
      ],
      "golden_code": "import numpy as np\ngolden = np.array([[1,0],[0,np.exp(1j*np.pi/4)]], dtype=complex)",
      "construction_method": "T gate: diag(1,exp(i*pi/4)). exp(i*pi/4)=(1+i)/sqrt2.",
      "self_check": "U @ U.conj().T ~ I (atol 1e-12), shape (2,2). Code reproduces."
    },
    {
      "id": "cz",
      "n_sys": 2,
      "n_anc": 0,
      "golden_real": [
        [
          1.0,
          0.0,
          0.0,
          0.0
        ],
        [
          0.0,
          1.0,
          0.0,
          0.0
        ],
        [
          0.0,
          0.0,
          1.0,
          0.0
        ],
        [
          0.0,
          0.0,
          0.0,
          -1.0
        ]
      ],
      "golden_imag": [
        [
          0.0,
          0.0,
          0.0,
          0.0
        ],
        [
          0.0,
          0.0,
          0.0,
          0.0
        ],
        [
          0.0,
          0.0,
          0.0,
          0.0
        ],
        [
          0.0,
          0.0,
          0.0,
          0.0
        ]
      ],
      "golden_code": "import numpy as np\ngolden = np.diag([1,1,1,-1]).astype(complex)",
      "construction_method": "CZ: diag(1,1,1,-1). -1 on |11>(idx3). Symmetric diagonal.",
      "self_check": "U @ U.conj().T ~ I (atol 1e-12), shape (4,4). Code reproduces."
    },
    {
      "id": "iswap",
      "n_sys": 2,
      "n_anc": 0,
      "golden_real": [
        [
          1.0,
          0.0,
          0.0,
          0.0
        ],
        [
          0.0,
          0.0,
          0.0,
          0.0
        ],
        [
          0.0,
          0.0,
          0.0,
          0.0
        ],
        [
          0.0,
          0.0,
          0.0,
          1.0
        ]
      ],
      "golden_imag": [
        [
          0.0,
          0.0,
          0.0,
          0.0
        ],
        [
          0.0,
          0.0,
          1.0,
          0.0
        ],
        [
          0.0,
          1.0,
          0.0,
          0.0
        ],
        [
          0.0,
          0.0,
          0.0,
          0.0
        ]
      ],
      "golden_code": "import numpy as np\ngolden = np.zeros((4,4), dtype=complex)\ngolden[0,0]=1; golden[2,1]=1j; golden[1,2]=1j; golden[3,3]=1",
      "construction_method": "iSWAP: |00>->|00>,|11>->|11>,|01>->i|10>,|10>->i|01>.",
      "self_check": "U @ U.conj().T ~ I (atol 1e-12), shape (4,4). Code reproduces."
    },
    {
      "id": "cs_gate",
      "n_sys": 2,
      "n_anc": 0,
      "golden_real": [
        [
          1.0,
          0.0,
          0.0,
          0.0
        ],
        [
          0.0,
          1.0,
          0.0,
          0.0
        ],
        [
          0.0,
          0.0,
          1.0,
          0.0
        ],
        [
          0.0,
          0.0,
          0.0,
          0.0
        ]
      ],
      "golden_imag": [
        [
          0.0,
          0.0,
          0.0,
          0.0
        ],
        [
          0.0,
          0.0,
          0.0,
          0.0
        ],
        [
          0.0,
          0.0,
          0.0,
          0.0
        ],
        [
          0.0,
          0.0,
          0.0,
          1.0
        ]
      ],
      "golden_code": "import numpy as np\ngolden = np.diag([1,1,1,1j]).astype(complex)",
      "construction_method": "Controlled-S: control=q0(MSB). diag(1,1,1,i). S on target when control=1.",
      "self_check": "U @ U.conj().T ~ I (atol 1e-12), shape (4,4). Code reproduces."
    },
    {
      "id": "ccz",
      "n_sys": 3,
      "n_anc": 0,
      "golden_real": [
        [
          1.0,
          0.0,
          0.0,
          0.0,
          0.0,
          0.0,
          0.0,
          0.0
        ],
        [
          0.0,
          1.0,
          0.0,
          0.0,
          0.0,
          0.0,
          0.0,
          0.0
        ],
        [
          0.0,
          0.0,
          1.0,
          0.0,
          0.0,
          0.0,
          0.0,
          0.0
        ],
        [
          0.0,
          0.0,
          0.0,
          1.0,
          0.0,
          0.0,
          0.0,
          0.0
        ],
        [
          0.0,
          0.0,
          0.0,
          0.0,
          1.0,
          0.0,
          0.0,
          0.0
        ],
        [
          0.0,
          0.0,
          0.0,
          0.0,
          0.0,
          1.0,
          0.0,
          0.0
        ],
        [
          0.0,
          0.0,
          0.0,
          0.0,
          0.0,
          0.0,
          1.0,
          0.0
        ],
        [
          0.0,
          0.0,
          0.0,
          0.0,
          0.0,
          0.0,
          0.0,
          -1.0
        ]
      ],
      "golden_imag": [
        [
          0.0,
          0.0,
          0.0,
          0.0,
          0.0,
          0.0,
          0.0,
          0.0
        ],
        [
          0.0,
          0.0,
          0.0,
          0.0,
          0.0,
          0.0,
          0.0,
          0.0
        ],
        [
          0.0,
          0.0,
          0.0,
          0.0,
          0.0,
          0.0,
          0.0,
          0.0
        ],
        [
          0.0,
          0.0,
          0.0,
          0.0,
          0.0,
          0.0,
          0.0,
          0.0
        ],
        [
          0.0,
          0.0,
          0.0,
          0.0,
          0.0,
          0.0,
          0.0,
          0.0
        ],
        [
          0.0,
          0.0,
          0.0,
          0.0,
          0.0,
          0.0,
          0.0,
          0.0
        ],
        [
          0.0,
          0.0,
          0.0,
          0.0,
          0.0,
          0.0,
          0.0,
          0.0
        ],
        [
          0.0,
          0.0,
          0.0,
          0.0,
          0.0,
          0.0,
          0.0,
          0.0
        ]
      ],
      "golden_code": "import numpy as np\ngolden = np.eye(8, dtype=complex); golden[7,7]=-1",
      "construction_method": "CCZ: diag(1,...,1,-1). -1 on |111>(idx7).",
      "self_check": "U @ U.conj().T ~ I (atol 1e-12), shape (8,8). Code reproduces."
    },
    {
      "id": "qft4",
      "n_sys": 4,
      "n_anc": 0,
      "golden_real": [
        [
          0.25,
          0.25,
          0.25,
          0.25,
          0.25,
          0.25,
          0.25,
          0.25,
          0.25,
          0.25,
          0.25,
          0.25,
          0.25,
          0.25,
          0.25,
          0.25
        ],
        [
          0.25,
          0.23096988312782168,
          0.17677669529663687,
          0.09567085809127242,
          -5.551115123125783e-17,
          -0.0956708580912725,
          -0.17677669529663692,
          -0.2309698831278217,
          -0.25,
          -0.23096988312782163,
          -0.17677669529663678,
          -0.09567085809127232,
          1.6653345369377348e-16,
          0.0956708580912726,
          0.176776695296637,
          0.23096988312782177
        ],
        [
          0.25,
          0.17677669529663687,
          -5.551115123125783e-17,
          -0.17677669529663692,
          -0.25,
          -0.17677669529663678,
          1.6653345369377348e-16,
          0.176776695296637,
          0.25,
          0.1767766952966367,
          -2.7755575615628914e-16,
          -0.1767766952966371,
          -0.25,
          -0.17677669529663662,
          3.885780586188048e-16,
          0.17677669529663717
        ],
        [
          0.25,
          0.09567085809127242,
          -0.17677669529663692,
          -0.23096988312782163,
          1.6653345369377348e-16,
          0.23096988312782177,
          0.1767766952966367,
          -0.09567085809127271,
          -0.25,
          -0.09567085809127211,
          0.17677669529663717,
          0.23096988312782152,
          -4.996003610813204e-16,
          -0.23096988312782188,
          -0.17677669529663648,
          0.09567085809127301
        ],
        [
          0.25,
          -5.551115123125783e-17,
          -0.25,
          1.6653345369377348e-16,
          0.25,
          -2.7755575615628914e-16,
          -0.25,
          3.885780586188048e-16,
          0.25,
          -4.996003610813204e-16,
          -0.25,
          6.106226635438361e-16,
          0.25,
          -7.216449660063518e-16,
          -0.25,
          8.326672684688674e-16
        ],
        [
          0.25,
          -0.0956708580912725,
          -0.17677669529663678,
          0.23096988312782177,
          -2.7755575615628914e-16,
          -0.23096988312782155,
          0.17677669529663717,
          0.095670858091272,
          -0.25,
          0.09567085809127301,
          0.1767766952966364,
          -0.23096988312782196,
          8.326672684688674e-16,
          0.23096988312782135,
          -0.17677669529663756,
          -0.0956708580912715
        ],
        [
          0.25,
          -0.17677669529663692,
          1.6653345369377348e-16,
          0.1767766952966367,
          -0.25,
          0.17677669529663717,
          -4.996003610813204e-16,
          -0.17677669529663648,
          0.25,
          -0.1767766952966374,
          8.326672684688674e-16,
          0.17677669529663623,
          -0.25,
          0.17677669529663764,
          -1.1657341758564144e-15,
          -0.17677669529663598
        ],
        [
          0.25,
          -0.2309698831278217,
          0.176776695296637,
          -0.09567085809127271,
          3.885780586188048e-16,
          0.095670858091272,
          -0.17677669529663648,
          0.23096988312782143,
          -0.25,
          0.23096988312782202,
          -0.17677669529663756,
          0.09567085809127342,
          -1.1657341758564144e-15,
          -0.0956708580912713,
          0.17677669529663592,
          -0.23096988312782096
        ],
        [
          0.25,
          -0.25,
          0.25,
          -0.25,
          0.25,
          -0.25,
          0.25,
          -0.25,
          0.25,
          -0.25,
          0.25,
          -0.25,
          0.25,
          -0.25,
          0.25,
          -0.25
        ],
        [
          0.25,
          -0.23096988312782163,
          0.1767766952966367,
          -0.09567085809127211,
          -4.996003610813204e-16,
          0.09567085809127301,
          -0.1767766952966374,
          0.23096988312782202,
          -0.25,
          0.23096988312782127,
          -0.17677669529663598,
          0.09567085809127118,
          9.189493348379561e-16,
          -0.09567085809127378,
          0.17677669529663825,
          -0.23096988312782196
        ],
        [
          0.25,
          -0.17677669529663678,
          -2.7755575615628914e-16,
          0.17677669529663717,
          -0.25,
          0.1767766952966364,
          8.326672684688674e-16,
          -0.17677669529663756,
          0.25,
          -0.17677669529663598,
          -1.8377439245167653e-15,
          0.17677669529663706,
          -0.25,
          0.17677669529663645,
          7.964846549232208e-16,
          -0.1767766952966376
        ],
        [
          0.25,
          -0.09567085809127232,
          -0.1767766952966371,
          0.23096988312782152,
          6.106226635438361e-16,
          -0.23096988312782196,
          0.17677669529663623,
          0.09567085809127342,
          -0.25,
          0.09567085809127118,
          0.17677669529663706,
          -0.23096988312782096,
          -1.7152792446020298e-15,
          0.2309698831278223,
          -0.1767766952966359,
          -0.0956708580912736
        ],
        [
          0.25,
          1.6653345369377348e-16,
          -0.25,
          -4.996003610813204e-16,
          0.25,
          8.326672684688674e-16,
          -0.25,
          -1.1657341758564144e-15,
          0.25,
          9.189493348379561e-16,
          -0.25,
          -1.7152792446020298e-15,
          0.25,
          7.352523149658532e-16,
          -0.25,
          -3.3079390641301775e-15
        ],
        [
          0.25,
          0.0956708580912726,
          -0.17677669529663662,
          -0.23096988312782188,
          -7.216449660063518e-16,
          0.23096988312782135,
          0.17677669529663764,
          -0.0956708580912713,
          -0.25,
          -0.09567085809127378,
          0.17677669529663645,
          0.2309698831278223,
          7.352523149658532e-16,
          -0.23096988312782035,
          -0.17677669529663873,
          0.09567085809127077
        ],
        [
          0.25,
          0.176776695296637,
          3.885780586188048e-16,
          -0.17677669529663648,
          -0.25,
          -0.17677669529663756,
          -1.1657341758564144e-15,
          0.17677669529663592,
          0.25,
          0.17677669529663825,
          7.964846549232208e-16,
          -0.1767766952966359,
          -0.25,
          -0.17677669529663873,
          -1.4703498847725593e-15,
          0.17677669529663415
        ],
        [
          0.25,
          0.23096988312782177,
          0.17677669529663717,
          0.09567085809127301,
          8.326672684688674e-16,
          -0.0956708580912715,
          -0.17677669529663598,
          -0.23096988312782096,
          -0.25,
          -0.23096988312782196,
          -0.1767766952966376,
          -0.0956708580912736,
          -3.3079390641301775e-15,
          0.09567085809127077,
          0.17677669529663415,
          0.2309698831278208
        ]
      ],
      "golden_imag": [
        [
          0.0,
          0.0,
          0.0,
          0.0,
          0.0,
          0.0,
          0.0,
          0.0,
          0.0,
          0.0,
          0.0,
          0.0,
          0.0,
          0.0,
          0.0,
          0.0
        ],
        [
          0.0,
          0.09567085809127245,
          0.1767766952966369,
          0.23096988312782168,
          0.25,
          0.23096988312782166,
          0.17677669529663684,
          0.09567085809127236,
          -1.1102230246251565e-16,
          -0.09567085809127254,
          -0.17677669529663698,
          -0.23096988312782174,
          -0.25,
          -0.2309698831278216,
          -0.17677669529663675,
          -0.09567085809127227
        ],
        [
          0.0,
          0.1767766952966369,
          0.25,
          0.17677669529663684,
          -1.1102230246251565e-16,
          -0.17677669529663698,
          -0.25,
          -0.17677669529663675,
          2.220446049250313e-16,
          0.17677669529663706,
          0.25,
          0.17677669529663667,
          -3.3306690738754696e-16,
          -0.17677669529663714,
          -0.25,
          -0.1767766952966366
        ],
        [
          0.0,
          0.23096988312782168,
          0.17677669529663684,
          -0.09567085809127254,
          -0.25,
          -0.09567085809127227,
          0.17677669529663706,
          0.23096988312782157,
          -3.3306690738754696e-16,
          -0.23096988312782182,
          -0.1767766952966366,
          0.09567085809127286,
          0.25,
          0.09567085809127195,
          -0.17677669529663728,
          -0.23096988312782143
        ],
        [
          0.0,
          0.25,
          -1.1102230246251565e-16,
          -0.25,
          2.220446049250313e-16,
          0.25,
          -3.3306690738754696e-16,
          -0.25,
          4.440892098500626e-16,
          0.25,
          -5.551115123125783e-16,
          -0.25,
          6.661338147750939e-16,
          0.25,
          -7.771561172376096e-16,
          -0.25
        ],
        [
          0.0,
          0.23096988312782166,
          -0.17677669529663698,
          -0.09567085809127227,
          0.25,
          -0.09567085809127275,
          -0.1767766952966366,
          0.23096988312782185,
          -5.551115123125783e-16,
          -0.23096988312782143,
          0.17677669529663737,
          0.09567085809127174,
          -0.25,
          0.09567085809127326,
          0.1767766952966362,
          -0.23096988312782207
        ],
        [
          0.0,
          0.17677669529663684,
          -0.25,
          0.17677669529663706,
          -3.3306690738754696e-16,
          -0.1767766952966366,
          0.25,
          -0.17677669529663728,
          6.661338147750939e-16,
          0.17677669529663637,
          -0.25,
          0.17677669529663753,
          -9.992007221626409e-16,
          -0.17677669529663612,
          0.25,
          -0.17677669529663778
        ],
        [
          0.0,
          0.09567085809127236,
          -0.17677669529663675,
          0.23096988312782157,
          -0.25,
          0.23096988312782185,
          -0.17677669529663728,
          0.09567085809127307,
          -7.771561172376096e-16,
          -0.09567085809127164,
          0.1767766952966362,
          -0.23096988312782127,
          0.25,
          -0.23096988312782216,
          0.17677669529663784,
          -0.09567085809127422
        ],
        [
          0.0,
          -1.1102230246251565e-16,
          2.220446049250313e-16,
          -3.3306690738754696e-16,
          4.440892098500626e-16,
          -5.551115123125783e-16,
          6.661338147750939e-16,
          -7.771561172376096e-16,
          8.881784197001252e-16,
          -9.992007221626409e-16,
          1.1102230246251565e-15,
          -1.2212453270876722e-15,
          1.3322676295501878e-15,
          -4.901682099772354e-16,
          1.3477304596986769e-15,
          -4.289358700198678e-16
        ],
        [
          0.0,
          -0.09567085809127254,
          0.17677669529663706,
          -0.23096988312782182,
          0.25,
          -0.23096988312782143,
          0.17677669529663637,
          -0.09567085809127164,
          -9.992007221626409e-16,
          0.09567085809127347,
          -0.17677669529663778,
          0.23096988312782218,
          -0.25,
          0.23096988312782113,
          -0.1767766952966355,
          0.0956708580912718
        ],
        [
          0.0,
          -0.17677669529663698,
          0.25,
          -0.1767766952966366,
          -5.551115123125783e-16,
          0.17677669529663737,
          -0.25,
          0.1767766952966362,
          1.1102230246251565e-15,
          -0.17677669529663778,
          0.25,
          -0.1767766952966367,
          -4.289358700198678e-16,
          0.1767766952966373,
          -0.25,
          0.1767766952966362
        ],
        [
          0.0,
          -0.23096988312782174,
          0.17677669529663667,
          0.09567085809127286,
          -0.25,
          0.09567085809127174,
          0.17677669529663753,
          -0.23096988312782127,
          -1.2212453270876722e-15,
          0.23096988312782218,
          -0.1767766952966367,
          -0.09567085809127417,
          0.25,
          -0.095670858091271,
          -0.1767766952966379,
          0.2309698831278212
        ],
        [
          0.0,
          -0.25,
          -3.3306690738754696e-16,
          0.25,
          6.661338147750939e-16,
          -0.25,
          -9.992007221626409e-16,
          0.25,
          1.3322676295501878e-15,
          -0.25,
          -4.289358700198678e-16,
          0.25,
          1.2252657797839415e-15,
          -0.25,
          -2.452388501477648e-16,
          0.25
        ],
        [
          0.0,
          -0.2309698831278216,
          -0.17677669529663714,
          0.09567085809127195,
          0.25,
          0.09567085809127326,
          -0.17677669529663612,
          -0.23096988312782216,
          -4.901682099772354e-16,
          0.23096988312782113,
          0.1767766952966373,
          -0.095670858091271,
          -0.25,
          -0.09567085809127564,
          0.17677669529663503,
          0.23096988312782238
        ],
        [
          0.0,
          -0.17677669529663675,
          -0.25,
          -0.17677669529663728,
          -7.771561172376096e-16,
          0.1767766952966362,
          0.25,
          0.17677669529663784,
          1.3477304596986769e-15,
          -0.1767766952966355,
          -0.25,
          -0.1767766952966379,
          -2.452388501477648e-16,
          0.17677669529663503,
          0.25,
          0.1767766952966396
        ],
        [
          0.0,
          -0.09567085809127227,
          -0.1767766952966366,
          -0.23096988312782143,
          -0.25,
          -0.23096988312782207,
          -0.17677669529663778,
          -0.09567085809127422,
          -4.289358700198678e-16,
          0.0956708580912718,
          0.1767766952966362,
          0.2309698831278212,
          0.25,
          0.23096988312782238,
          0.1767766952966396,
          0.09567085809127462
        ]
      ],
      "golden_code": "import numpy as np\nN=16; omega=np.exp(2j*np.pi/N)\ngolden = np.array([[omega**(j*k)/np.sqrt(N) for k in range(N)] for j in range(N)]).astype(complex)",
      "construction_method": "QFT4: U[j,k]=(1/4)*omega^(jk), omega=exp(2*pi*i/16). Big-endian, no bit-reversal.",
      "self_check": "U @ U.conj().T ~ I (atol 1e-12), shape (16,16). Code reproduces."
    }
  ]
}