{
  "runtime": "codex",
  "weights_id": "openai-gpt-5",
  "convention_ack": true,
  "submissions": [
    {
      "id": "x_gate",
      "n_sys": 1,
      "n_anc": 0,
      "golden_real": [
        [
          0,
          1
        ],
        [
          1,
          0
        ]
      ],
      "golden_imag": [
        [
          0,
          0
        ],
        [
          0,
          0
        ]
      ],
      "golden_code": "import numpy as np\n# Pauli-X swaps |0> and |1>.\ngolden = np.array([[0, 1], [1, 0]], dtype=complex)",
      "construction_method": "Derived directly from the truth table |0>->|1>, |1>->|0>, so each column is the flipped basis state.",
      "self_check": "Verified shape (2,2) and unitarity with U @ U.conj().T ~= I; n_anc=0 and big-endian U[out,in] convention followed."
    },
    {
      "id": "z_gate",
      "n_sys": 1,
      "n_anc": 0,
      "golden_real": [
        [
          1,
          0
        ],
        [
          0,
          -1
        ]
      ],
      "golden_imag": [
        [
          0,
          0
        ],
        [
          0,
          0
        ]
      ],
      "golden_code": "import numpy as np\n# Pauli-Z keeps |0> and applies -1 phase to |1>.\ngolden = np.diag([1, -1]).astype(complex)",
      "construction_method": "Derived as the diagonal phase operator that leaves |0> fixed and multiplies |1> by -1.",
      "self_check": "Verified shape (2,2) and unitarity with U @ U.conj().T ~= I; n_anc=0 and big-endian U[out,in] convention followed."
    },
    {
      "id": "h_gate",
      "n_sys": 1,
      "n_anc": 0,
      "golden_real": [
        [
          0.7071067811865475,
          0.7071067811865475
        ],
        [
          0.7071067811865475,
          -0.7071067811865475
        ]
      ],
      "golden_imag": [
        [
          0,
          0
        ],
        [
          0,
          0
        ]
      ],
      "golden_code": "import numpy as np\n# Hadamard maps |0> to (|0>+|1>)/sqrt(2), |1> to (|0>-|1>)/sqrt(2).\ngolden = (1 / np.sqrt(2)) * np.array([[1, 1], [1, -1]], dtype=complex)",
      "construction_method": "Derived from the textbook Hadamard action on |0> and |1>; the two image vectors become the columns.",
      "self_check": "Verified shape (2,2) and unitarity with U @ U.conj().T ~= I; n_anc=0 and big-endian U[out,in] convention followed."
    },
    {
      "id": "cnot",
      "n_sys": 2,
      "n_anc": 0,
      "golden_real": [
        [
          1,
          0,
          0,
          0
        ],
        [
          0,
          1,
          0,
          0
        ],
        [
          0,
          0,
          0,
          1
        ],
        [
          0,
          0,
          1,
          0
        ]
      ],
      "golden_imag": [
        [
          0,
          0,
          0,
          0
        ],
        [
          0,
          0,
          0,
          0
        ],
        [
          0,
          0,
          0,
          0
        ],
        [
          0,
          0,
          0,
          0
        ]
      ],
      "golden_code": "import numpy as np\n# Big-endian CNOT: first qubit controls, second target; |10><->|11>.\ngolden = np.array([[1, 0, 0, 0], [0, 1, 0, 0], [0, 0, 0, 1], [0, 0, 1, 0]], dtype=complex)",
      "construction_method": "Built from the big-endian truth table with q0 as control and q1 as target: |10> and |11> are swapped, other states fixed.",
      "self_check": "Verified shape (4,4) and unitarity with U @ U.conj().T ~= I; n_anc=0 and big-endian U[out,in] convention followed."
    },
    {
      "id": "swap2",
      "n_sys": 2,
      "n_anc": 0,
      "golden_real": [
        [
          1,
          0,
          0,
          0
        ],
        [
          0,
          0,
          1,
          0
        ],
        [
          0,
          1,
          0,
          0
        ],
        [
          0,
          0,
          0,
          1
        ]
      ],
      "golden_imag": [
        [
          0,
          0,
          0,
          0
        ],
        [
          0,
          0,
          0,
          0
        ],
        [
          0,
          0,
          0,
          0
        ],
        [
          0,
          0,
          0,
          0
        ]
      ],
      "golden_code": "import numpy as np\n# SWAP exchanges |01> and |10> in big-endian basis |q0 q1>.\ngolden = np.array([[1, 0, 0, 0], [0, 0, 1, 0], [0, 1, 0, 0], [0, 0, 0, 1]], dtype=complex)",
      "construction_method": "Built from the basis permutation |ab> -> |ba>, which swaps only the |01> and |10> columns in two-qubit big-endian order.",
      "self_check": "Verified shape (4,4) and unitarity with U @ U.conj().T ~= I; n_anc=0 and big-endian U[out,in] convention followed."
    },
    {
      "id": "toffoli",
      "n_sys": 3,
      "n_anc": 0,
      "golden_real": [
        [
          1,
          0,
          0,
          0,
          0,
          0,
          0,
          0
        ],
        [
          0,
          1,
          0,
          0,
          0,
          0,
          0,
          0
        ],
        [
          0,
          0,
          1,
          0,
          0,
          0,
          0,
          0
        ],
        [
          0,
          0,
          0,
          1,
          0,
          0,
          0,
          0
        ],
        [
          0,
          0,
          0,
          0,
          1,
          0,
          0,
          0
        ],
        [
          0,
          0,
          0,
          0,
          0,
          1,
          0,
          0
        ],
        [
          0,
          0,
          0,
          0,
          0,
          0,
          0,
          1
        ],
        [
          0,
          0,
          0,
          0,
          0,
          0,
          1,
          0
        ]
      ],
      "golden_imag": [
        [
          0,
          0,
          0,
          0,
          0,
          0,
          0,
          0
        ],
        [
          0,
          0,
          0,
          0,
          0,
          0,
          0,
          0
        ],
        [
          0,
          0,
          0,
          0,
          0,
          0,
          0,
          0
        ],
        [
          0,
          0,
          0,
          0,
          0,
          0,
          0,
          0
        ],
        [
          0,
          0,
          0,
          0,
          0,
          0,
          0,
          0
        ],
        [
          0,
          0,
          0,
          0,
          0,
          0,
          0,
          0
        ],
        [
          0,
          0,
          0,
          0,
          0,
          0,
          0,
          0
        ],
        [
          0,
          0,
          0,
          0,
          0,
          0,
          0,
          0
        ]
      ],
      "golden_code": "import numpy as np\n# Toffoli flips the third bit iff the first two bits are 1; |110><->|111>.\ngolden = np.eye(8, dtype=complex)\ngolden[6, 6] = 0\ngolden[7, 7] = 0\ngolden[7, 6] = 1\ngolden[6, 7] = 1",
      "construction_method": "Built from the big-endian truth table with q0,q1 as controls and q2 as target; only |110> and |111> are swapped.",
      "self_check": "Verified shape (8,8) and unitarity with U @ U.conj().T ~= I; n_anc=0 and big-endian U[out,in] convention followed."
    },
    {
      "id": "qft2",
      "n_sys": 2,
      "n_anc": 0,
      "golden_real": [
        [
          0.5,
          0.5,
          0.5,
          0.5
        ],
        [
          0.5,
          0,
          -0.5,
          0
        ],
        [
          0.5,
          -0.5,
          0.5,
          -0.5
        ],
        [
          0.5,
          0,
          -0.5,
          0
        ]
      ],
      "golden_imag": [
        [
          0,
          0,
          0,
          0
        ],
        [
          0,
          0.5,
          0,
          -0.5
        ],
        [
          0,
          0,
          0,
          0
        ],
        [
          0,
          -0.5,
          0,
          0.5
        ]
      ],
      "golden_code": "import numpy as np\n# Raw QFT_N with U[j,k]=exp(2*pi*i*j*k/N)/sqrt(N), N=4.\nN = 4\nj = np.arange(N).reshape((N, 1))\nk = np.arange(N).reshape((1, N))\ngolden = np.exp(2j * np.pi * j * k / N) / np.sqrt(N)\ngolden.real[abs(golden.real) < 1e-15] = 0.0\ngolden.imag[abs(golden.imag) < 1e-15] = 0.0",
      "construction_method": "Used the raw QFT formula U[j,k]=exp(2*pi*i*j*k/4)/sqrt(4) with big-endian integer basis indexing and no bit reversal.",
      "self_check": "Verified shape (4,4) and unitarity with U @ U.conj().T ~= I; n_anc=0 and big-endian U[out,in] convention followed."
    },
    {
      "id": "qft3",
      "n_sys": 3,
      "n_anc": 0,
      "golden_real": [
        [
          0.35355339059327373,
          0.35355339059327373,
          0.35355339059327373,
          0.35355339059327373,
          0.35355339059327373,
          0.35355339059327373,
          0.35355339059327373,
          0.35355339059327373
        ],
        [
          0.35355339059327373,
          0.25,
          0,
          -0.24999999999999994,
          -0.35355339059327373,
          -0.25000000000000006,
          0,
          0.24999999999999992
        ],
        [
          0.35355339059327373,
          0,
          -0.35355339059327373,
          0,
          0.35355339059327373,
          0,
          -0.35355339059327373,
          0
        ],
        [
          0.35355339059327373,
          -0.24999999999999994,
          0,
          0.25000000000000006,
          -0.35355339059327373,
          0.24999999999999964,
          0,
          -0.24999999999999992
        ],
        [
          0.35355339059327373,
          -0.35355339059327373,
          0.35355339059327373,
          -0.35355339059327373,
          0.35355339059327373,
          -0.35355339059327373,
          0.35355339059327373,
          -0.35355339059327373
        ],
        [
          0.35355339059327373,
          -0.25000000000000006,
          0,
          0.24999999999999964,
          -0.35355339059327373,
          0.24999999999999994,
          0,
          -0.24999999999999947
        ],
        [
          0.35355339059327373,
          0,
          -0.35355339059327373,
          0,
          0.35355339059327373,
          0,
          -0.35355339059327373,
          0
        ],
        [
          0.35355339059327373,
          0.24999999999999992,
          0,
          -0.24999999999999992,
          -0.35355339059327373,
          -0.24999999999999947,
          0,
          0.250000000000001
        ]
      ],
      "golden_imag": [
        [
          0,
          0,
          0,
          0,
          0,
          0,
          0,
          0
        ],
        [
          0,
          0.25,
          0.35355339059327373,
          0.25,
          0,
          -0.24999999999999994,
          -0.35355339059327373,
          -0.25000000000000006
        ],
        [
          0,
          0.35355339059327373,
          0,
          -0.35355339059327373,
          0,
          0.35355339059327373,
          0,
          -0.35355339059327373
        ],
        [
          0,
          0.25,
          -0.35355339059327373,
          0.24999999999999992,
          0,
          -0.25000000000000033,
          0.35355339059327373,
          -0.25000000000000006
        ],
        [
          0,
          0,
          0,
          0,
          0,
          0,
          0,
          0
        ],
        [
          0,
          -0.24999999999999994,
          0.35355339059327373,
          -0.25000000000000033,
          0,
          0.25,
          -0.35355339059327373,
          0.25000000000000044
        ],
        [
          0,
          -0.35355339059327373,
          0,
          0.35355339059327373,
          0,
          -0.35355339059327373,
          0,
          0.35355339059327373
        ],
        [
          0,
          -0.25000000000000006,
          -0.35355339059327373,
          -0.25000000000000006,
          0,
          0.25000000000000044,
          0.35355339059327373,
          0.24999999999999895
        ]
      ],
      "golden_code": "import numpy as np\n# Raw QFT_N with U[j,k]=exp(2*pi*i*j*k/N)/sqrt(N), N=8.\nN = 8\nj = np.arange(N).reshape((N, 1))\nk = np.arange(N).reshape((1, N))\ngolden = np.exp(2j * np.pi * j * k / N) / np.sqrt(N)\ngolden.real[abs(golden.real) < 1e-15] = 0.0\ngolden.imag[abs(golden.imag) < 1e-15] = 0.0",
      "construction_method": "Used the raw QFT formula U[j,k]=exp(2*pi*i*j*k/8)/sqrt(8) with big-endian integer basis indexing and no bit reversal.",
      "self_check": "Verified shape (8,8) and unitarity with U @ U.conj().T ~= I; n_anc=0 and big-endian U[out,in] convention followed."
    },
    {
      "id": "s_gate",
      "n_sys": 1,
      "n_anc": 0,
      "golden_real": [
        [
          1,
          0
        ],
        [
          0,
          0
        ]
      ],
      "golden_imag": [
        [
          0,
          0
        ],
        [
          0,
          1
        ]
      ],
      "golden_code": "import numpy as np\n# S phase gate: |0> unchanged, |1> gets phase i.\ngolden = np.diag([1, 1j]).astype(complex)",
      "construction_method": "Derived as the diagonal phase gate diag(1,i), applying a relative i phase only to |1>.",
      "self_check": "Verified shape (2,2) and unitarity with U @ U.conj().T ~= I; n_anc=0 and big-endian U[out,in] convention followed."
    },
    {
      "id": "t_gate",
      "n_sys": 1,
      "n_anc": 0,
      "golden_real": [
        [
          1,
          0
        ],
        [
          0,
          0.7071067811865476
        ]
      ],
      "golden_imag": [
        [
          0,
          0
        ],
        [
          0,
          0.7071067811865476
        ]
      ],
      "golden_code": "import numpy as np\n# T phase gate: |1> gets phase exp(i*pi/4).\ngolden = np.diag([1, np.exp(1j * np.pi / 4)]).astype(complex)",
      "construction_method": "Derived as the diagonal phase gate diag(1, exp(i*pi/4)), applying the standard T phase only to |1>.",
      "self_check": "Verified shape (2,2) and unitarity with U @ U.conj().T ~= I; n_anc=0 and big-endian U[out,in] convention followed."
    },
    {
      "id": "cz",
      "n_sys": 2,
      "n_anc": 0,
      "golden_real": [
        [
          1,
          0,
          0,
          0
        ],
        [
          0,
          1,
          0,
          0
        ],
        [
          0,
          0,
          1,
          0
        ],
        [
          0,
          0,
          0,
          -1
        ]
      ],
      "golden_imag": [
        [
          0,
          0,
          0,
          0
        ],
        [
          0,
          0,
          0,
          0
        ],
        [
          0,
          0,
          0,
          0
        ],
        [
          0,
          0,
          0,
          0
        ]
      ],
      "golden_code": "import numpy as np\n# CZ applies -1 phase only to |11>.\ngolden = np.diag([1, 1, 1, -1]).astype(complex)",
      "construction_method": "Derived as the diagonal controlled phase that applies -1 iff both qubits are |1>, so only basis index 3 changes sign.",
      "self_check": "Verified shape (4,4) and unitarity with U @ U.conj().T ~= I; n_anc=0 and big-endian U[out,in] convention followed."
    },
    {
      "id": "iswap",
      "n_sys": 2,
      "n_anc": 0,
      "golden_real": [
        [
          1,
          0,
          0,
          0
        ],
        [
          0,
          0,
          0,
          0
        ],
        [
          0,
          0,
          0,
          0
        ],
        [
          0,
          0,
          0,
          1
        ]
      ],
      "golden_imag": [
        [
          0,
          0,
          0,
          0
        ],
        [
          0,
          0,
          1,
          0
        ],
        [
          0,
          1,
          0,
          0
        ],
        [
          0,
          0,
          0,
          0
        ]
      ],
      "golden_code": "import numpy as np\n# iSWAP fixes |00>, |11> and maps |01>->i|10>, |10>->i|01>.\ngolden = np.array([[1, 0, 0, 0], [0, 0, 1j, 0], [0, 1j, 0, 0], [0, 0, 0, 1]], dtype=complex)",
      "construction_method": "Derived from the standard iSWAP basis action: |01> and |10> are exchanged with multiplier i, while |00> and |11> are fixed.",
      "self_check": "Verified shape (4,4) and unitarity with U @ U.conj().T ~= I; n_anc=0 and big-endian U[out,in] convention followed."
    },
    {
      "id": "cs_gate",
      "n_sys": 2,
      "n_anc": 0,
      "golden_real": [
        [
          1,
          0,
          0,
          0
        ],
        [
          0,
          1,
          0,
          0
        ],
        [
          0,
          0,
          1,
          0
        ],
        [
          0,
          0,
          0,
          0
        ]
      ],
      "golden_imag": [
        [
          0,
          0,
          0,
          0
        ],
        [
          0,
          0,
          0,
          0
        ],
        [
          0,
          0,
          0,
          0
        ],
        [
          0,
          0,
          0,
          1
        ]
      ],
      "golden_code": "import numpy as np\n# Controlled-S with first qubit control: diagonal phase i on |11> only.\ngolden = np.diag([1, 1, 1, 1j]).astype(complex)",
      "construction_method": "Derived as controlled application of S to the second qubit with q0 as control, giving a diagonal i phase only on |11>.",
      "self_check": "Verified shape (4,4) and unitarity with U @ U.conj().T ~= I; n_anc=0 and big-endian U[out,in] convention followed."
    },
    {
      "id": "ccz",
      "n_sys": 3,
      "n_anc": 0,
      "golden_real": [
        [
          1,
          0,
          0,
          0,
          0,
          0,
          0,
          0
        ],
        [
          0,
          1,
          0,
          0,
          0,
          0,
          0,
          0
        ],
        [
          0,
          0,
          1,
          0,
          0,
          0,
          0,
          0
        ],
        [
          0,
          0,
          0,
          1,
          0,
          0,
          0,
          0
        ],
        [
          0,
          0,
          0,
          0,
          1,
          0,
          0,
          0
        ],
        [
          0,
          0,
          0,
          0,
          0,
          1,
          0,
          0
        ],
        [
          0,
          0,
          0,
          0,
          0,
          0,
          1,
          0
        ],
        [
          0,
          0,
          0,
          0,
          0,
          0,
          0,
          -1
        ]
      ],
      "golden_imag": [
        [
          0,
          0,
          0,
          0,
          0,
          0,
          0,
          0
        ],
        [
          0,
          0,
          0,
          0,
          0,
          0,
          0,
          0
        ],
        [
          0,
          0,
          0,
          0,
          0,
          0,
          0,
          0
        ],
        [
          0,
          0,
          0,
          0,
          0,
          0,
          0,
          0
        ],
        [
          0,
          0,
          0,
          0,
          0,
          0,
          0,
          0
        ],
        [
          0,
          0,
          0,
          0,
          0,
          0,
          0,
          0
        ],
        [
          0,
          0,
          0,
          0,
          0,
          0,
          0,
          0
        ],
        [
          0,
          0,
          0,
          0,
          0,
          0,
          0,
          0
        ]
      ],
      "golden_code": "import numpy as np\n# CCZ applies -1 phase only to |111>.\ngolden = np.diag([1, 1, 1, 1, 1, 1, 1, -1]).astype(complex)",
      "construction_method": "Derived as the three-qubit diagonal phase that applies -1 iff q0=q1=q2=1, so only |111> changes sign.",
      "self_check": "Verified shape (8,8) and unitarity with U @ U.conj().T ~= I; n_anc=0 and big-endian U[out,in] convention followed."
    },
    {
      "id": "qft4",
      "n_sys": 4,
      "n_anc": 0,
      "golden_real": [
        [
          0.25,
          0.25,
          0.25,
          0.25,
          0.25,
          0.25,
          0.25,
          0.25,
          0.25,
          0.25,
          0.25,
          0.25,
          0.25,
          0.25,
          0.25,
          0.25
        ],
        [
          0.25,
          0.23096988312782168,
          0.1767766952966369,
          0.09567085809127246,
          0,
          -0.09567085809127243,
          -0.17677669529663687,
          -0.23096988312782168,
          -0.25,
          -0.2309698831278217,
          -0.17677669529663692,
          -0.09567085809127258,
          0,
          0.0956708580912725,
          0.17677669529663684,
          0.23096988312782163
        ],
        [
          0.25,
          0.1767766952966369,
          0,
          -0.17677669529663687,
          -0.25,
          -0.17677669529663692,
          0,
          0.17677669529663684,
          0.25,
          0.17677669529663692,
          0,
          -0.17677669529663667,
          -0.25,
          -0.17677669529663678,
          0,
          0.17677669529663664
        ],
        [
          0.25,
          0.09567085809127246,
          -0.17677669529663687,
          -0.2309698831278217,
          0,
          0.23096988312782163,
          0.17677669529663692,
          -0.09567085809127247,
          -0.25,
          -0.09567085809127264,
          0.17677669529663664,
          0.23096988312782168,
          0,
          -0.2309698831278216,
          -0.17677669529663684,
          0.09567085809127239
        ],
        [
          0.25,
          0,
          -0.25,
          0,
          0.25,
          0,
          -0.25,
          0,
          0.25,
          0,
          -0.25,
          0,
          0.25,
          0,
          -0.25,
          0
        ],
        [
          0.25,
          -0.09567085809127243,
          -0.17677669529663692,
          0.23096988312782163,
          0,
          -0.23096988312782168,
          0.17677669529663664,
          0.09567085809127267,
          -0.25,
          0.09567085809127239,
          0.17677669529663687,
          -0.23096988312782174,
          0,
          0.2309698831278219,
          -0.17677669529663653,
          -0.0956708580912728
        ],
        [
          0.25,
          -0.17677669529663687,
          0,
          0.17677669529663692,
          -0.25,
          0.17677669529663664,
          0,
          -0.17677669529663684,
          0.25,
          -0.1767766952966366,
          0,
          0.1767766952966369,
          -0.25,
          0.1767766952966365,
          0,
          -0.17677669529663698
        ],
        [
          0.25,
          -0.23096988312782168,
          0.17677669529663684,
          -0.09567085809127247,
          0,
          0.09567085809127267,
          -0.17677669529663684,
          0.23096988312782188,
          -0.25,
          0.2309698831278217,
          -0.17677669529663653,
          0.09567085809127228,
          0,
          -0.09567085809127286,
          0.17677669529663761,
          -0.23096988312782163
        ],
        [
          0.25,
          -0.25,
          0.25,
          -0.25,
          0.25,
          -0.25,
          0.25,
          -0.25,
          0.25,
          -0.25,
          0.25,
          -0.25,
          0.25,
          -0.25,
          0.25,
          -0.25
        ],
        [
          0.25,
          -0.2309698831278217,
          0.17677669529663692,
          -0.09567085809127264,
          0,
          0.09567085809127239,
          -0.1767766952966366,
          0.2309698831278217,
          -0.25,
          0.23096988312782193,
          -0.17677669529663698,
          0.09567085809127207,
          0,
          -0.09567085809127213,
          0.176776695296637,
          -0.23096988312782127
        ],
        [
          0.25,
          -0.17677669529663692,
          0,
          0.17677669529663664,
          -0.25,
          0.17677669529663687,
          0,
          -0.17677669529663653,
          0.25,
          -0.17677669529663698,
          0,
          0.17677669529663706,
          -0.25,
          0.1767766952966377,
          0,
          -0.1767766952966363
        ],
        [
          0.25,
          -0.09567085809127258,
          -0.17677669529663667,
          0.23096988312782185,
          0,
          -0.2309698831278214,
          0.17677669529663753,
          0.09567085809127145,
          -0.25,
          0.09567085809127372,
          0.1767766952966358,
          -0.23096988312782232,
          1.837434434198471e-15,
          0.23096988312782094,
          -0.1767766952966384,
          -0.09567085809127032
        ],
        [
          0.25,
          0,
          -0.25,
          0,
          0.25,
          0,
          -0.25,
          0,
          0.25,
          0,
          -0.25,
          0,
          0.25,
          -1.0411045244343973e-15,
          -0.25,
          0
        ],
        [
          0.25,
          0.0956708580912725,
          -0.17677669529663678,
          -0.23096988312782177,
          0,
          0.23096988312782157,
          0.17677669529663714,
          -0.09567085809127122,
          -0.25,
          -0.09567085809127213,
          0.17677669529663645,
          0.2309698831278223,
          0,
          -0.2309698831278217,
          -0.17677669529663873,
          0.09567085809127077
        ],
        [
          0.25,
          0.17677669529663684,
          0,
          -0.17677669529663684,
          -0.25,
          -0.17677669529663653,
          0,
          0.17677669529663761,
          0.25,
          0.176776695296637,
          0,
          -0.17677669529663714,
          -0.25,
          -0.17677669529663623,
          2.082363794027942e-15,
          0.17677669529663667
        ],
        [
          0.25,
          0.23096988312782163,
          0.17677669529663664,
          0.09567085809127157,
          0,
          -0.0956708580912728,
          -0.17677669529663823,
          -0.23096988312782232,
          -0.25,
          -0.23096988312782127,
          -0.1767766952966363,
          -0.09567085809127032,
          3.797488293470824e-15,
          0.09567085809127406,
          0.17677669529663917,
          0.23096988312782216
        ]
      ],
      "golden_imag": [
        [
          0,
          0,
          0,
          0,
          0,
          0,
          0,
          0,
          0,
          0,
          0,
          0,
          0,
          0,
          0,
          0
        ],
        [
          0,
          0.09567085809127245,
          0.1767766952966369,
          0.23096988312782168,
          0.25,
          0.23096988312782168,
          0.1767766952966369,
          0.09567085809127247,
          0,
          -0.09567085809127242,
          -0.17677669529663687,
          -0.23096988312782163,
          -0.25,
          -0.23096988312782166,
          -0.17677669529663692,
          -0.0956708580912726
        ],
        [
          0,
          0.1767766952966369,
          0.25,
          0.1767766952966369,
          0,
          -0.17677669529663687,
          -0.25,
          -0.17677669529663692,
          0,
          0.17677669529663684,
          0.25,
          0.1767766952966371,
          0,
          -0.17677669529663698,
          -0.25,
          -0.17677669529663712
        ],
        [
          0,
          0.23096988312782168,
          0.1767766952966369,
          -0.09567085809127242,
          -0.25,
          -0.0956708580912726,
          0.17677669529663684,
          0.23096988312782168,
          0,
          -0.2309698831278216,
          -0.17677669529663712,
          0.09567085809127243,
          0.25,
          0.09567085809127268,
          -0.17677669529663692,
          -0.2309698831278217
        ],
        [
          0,
          0.25,
          0,
          -0.25,
          0,
          0.25,
          0,
          -0.25,
          0,
          0.25,
          0,
          -0.25,
          0,
          0.25,
          0,
          -0.25
        ],
        [
          0,
          0.23096988312782168,
          -0.17677669529663687,
          -0.0956708580912726,
          0.25,
          -0.09567085809127246,
          -0.17677669529663712,
          0.2309698831278216,
          0,
          -0.2309698831278217,
          0.1767766952966369,
          0.09567085809127233,
          -0.25,
          0.0956708580912719,
          0.17677669529663723,
          -0.23096988312782155
        ],
        [
          0,
          0.1767766952966369,
          -0.25,
          0.17677669529663684,
          0,
          -0.17677669529663712,
          0.25,
          -0.17677669529663692,
          0,
          0.1767766952966372,
          -0.25,
          0.17677669529663687,
          0,
          -0.17677669529663725,
          0.25,
          -0.17677669529663678
        ],
        [
          0,
          0.09567085809127247,
          -0.17677669529663692,
          0.23096988312782168,
          -0.25,
          0.2309698831278216,
          -0.17677669529663692,
          0.09567085809127196,
          0,
          -0.09567085809127236,
          0.17677669529663723,
          -0.23096988312782177,
          0.25,
          -0.23096988312782152,
          0.17677669529663614,
          -0.09567085809127258
        ],
        [
          0,
          0,
          0,
          0,
          0,
          0,
          0,
          0,
          0,
          0,
          0,
          1.2249562894656473e-15,
          0,
          0,
          0,
          1.3474209693803826e-15
        ],
        [
          0,
          -0.09567085809127242,
          0.17677669529663684,
          -0.2309698831278216,
          0.25,
          -0.2309698831278217,
          0.1767766952966372,
          -0.09567085809127236,
          0,
          0.09567085809127185,
          -0.17677669529663678,
          0.23096988312782185,
          -0.25,
          0.23096988312782182,
          -0.17677669529663675,
          0.09567085809127343
        ],
        [
          0,
          -0.17677669529663687,
          0.25,
          -0.17677669529663712,
          0,
          0.1767766952966369,
          -0.25,
          0.17677669529663723,
          0,
          -0.17677669529663678,
          0.25,
          -0.1767766952966367,
          1.3474209693803826e-15,
          0.17677669529663606,
          -0.25,
          0.17677669529663745
        ],
        [
          0,
          -0.23096988312782163,
          0.1767766952966371,
          0.09567085809127202,
          -0.25,
          0.09567085809127315,
          0.17677669529663623,
          -0.2309698831278221,
          1.2249562894656473e-15,
          0.23096988312782116,
          -0.17677669529663795,
          -0.09567085809127089,
          0.25,
          -0.09567085809127428,
          -0.17677669529663537,
          0.23096988312782257
        ],
        [
          0,
          -0.25,
          0,
          0.25,
          0,
          -0.25,
          0,
          0.25,
          0,
          -0.25,
          1.3474209693803826e-15,
          0.25,
          0,
          -0.25,
          0,
          0.25
        ],
        [
          0,
          -0.23096988312782166,
          -0.17677669529663698,
          0.09567085809127228,
          0.25,
          0.09567085809127272,
          -0.17677669529663662,
          -0.23096988312782218,
          0,
          0.23096988312782182,
          0.1767766952966373,
          -0.095670858091271,
          -0.25,
          -0.09567085809127236,
          0.17677669529663503,
          0.23096988312782238
        ],
        [
          0,
          -0.17677669529663692,
          -0.25,
          -0.17677669529663692,
          0,
          0.17677669529663723,
          0.25,
          0.17677669529663614,
          0,
          -0.17677669529663675,
          -0.25,
          -0.17677669529663662,
          0,
          0.17677669529663753,
          0.25,
          0.1767766952966371
        ],
        [
          0,
          -0.0956708580912726,
          -0.17677669529663712,
          -0.23096988312782205,
          -0.25,
          -0.23096988312782155,
          -0.17677669529663553,
          -0.09567085809127095,
          1.3474209693803826e-15,
          0.09567085809127343,
          0.17677669529663745,
          0.23096988312782257,
          0.25,
          0.23096988312782102,
          0.1767766952966346,
          0.09567085809127134
        ]
      ],
      "golden_code": "import numpy as np\n# Raw QFT_N with U[j,k]=exp(2*pi*i*j*k/N)/sqrt(N), N=16.\nN = 16\nj = np.arange(N).reshape((N, 1))\nk = np.arange(N).reshape((1, N))\ngolden = np.exp(2j * np.pi * j * k / N) / np.sqrt(N)\ngolden.real[abs(golden.real) < 1e-15] = 0.0\ngolden.imag[abs(golden.imag) < 1e-15] = 0.0",
      "construction_method": "Used the raw QFT formula U[j,k]=exp(2*pi*i*j*k/16)/sqrt(16) with big-endian integer basis indexing and no bit reversal.",
      "self_check": "Verified shape (16,16) and unitarity with U @ U.conj().T ~= I; n_anc=0 and big-endian U[out,in] convention followed."
    }
  ]
}
