{
  "runtime": "kimi",
  "weights_id": "moonshot-kimi",
  "convention_ack": true,
  "submissions": [
    {
      "id": "x_gate",
      "n_sys": 1,
      "n_anc": 0,
      "golden_real": [
        [
          0.0,
          1.0
        ],
        [
          1.0,
          0.0
        ]
      ],
      "golden_imag": [
        [
          0.0,
          0.0
        ],
        [
          0.0,
          0.0
        ]
      ],
      "golden_code": "import numpy as np\ngolden = np.array([[0, 1], [1, 0]], dtype=complex)",
      "construction_method": "Pauli-X matrix from textbook bit-flip action |0><->|1>.",
      "self_check": "U @ U.conj().T \u2248 I (2x2), shape (2, 2), unitary verified."
    },
    {
      "id": "z_gate",
      "n_sys": 1,
      "n_anc": 0,
      "golden_real": [
        [
          1.0,
          0.0
        ],
        [
          0.0,
          -1.0
        ]
      ],
      "golden_imag": [
        [
          0.0,
          0.0
        ],
        [
          0.0,
          0.0
        ]
      ],
      "golden_code": "import numpy as np\ngolden = np.array([[1, 0], [0, -1]], dtype=complex)",
      "construction_method": "Pauli-Z matrix: |0> unchanged, |1> acquires -1 phase.",
      "self_check": "U @ U.conj().T \u2248 I (2x2), shape (2, 2), unitary verified."
    },
    {
      "id": "h_gate",
      "n_sys": 1,
      "n_anc": 0,
      "golden_real": [
        [
          0.7071067811865475,
          0.7071067811865475
        ],
        [
          0.7071067811865475,
          -0.7071067811865475
        ]
      ],
      "golden_imag": [
        [
          0.0,
          0.0
        ],
        [
          0.0,
          0.0
        ]
      ],
      "golden_code": "import numpy as np\ngolden = np.array([[1, 1], [1, -1]], dtype=complex) / np.sqrt(2)",
      "construction_method": "Hadamard matrix (1/sqrt(2)) * [[1,1],[1,-1]].",
      "self_check": "U @ U.conj().T \u2248 I (2x2), shape (2, 2), unitary verified."
    },
    {
      "id": "cnot",
      "n_sys": 2,
      "n_anc": 0,
      "golden_real": [
        [
          1.0,
          0.0,
          0.0,
          0.0
        ],
        [
          0.0,
          1.0,
          0.0,
          0.0
        ],
        [
          0.0,
          0.0,
          0.0,
          1.0
        ],
        [
          0.0,
          0.0,
          1.0,
          0.0
        ]
      ],
      "golden_imag": [
        [
          0.0,
          0.0,
          0.0,
          0.0
        ],
        [
          0.0,
          0.0,
          0.0,
          0.0
        ],
        [
          0.0,
          0.0,
          0.0,
          0.0
        ],
        [
          0.0,
          0.0,
          0.0,
          0.0
        ]
      ],
      "golden_code": "import numpy as np\ngolden = np.array([[1,0,0,0],[0,1,0,0],[0,0,0,1],[0,0,1,0]], dtype=complex)",
      "construction_method": "Big-endian CNOT with first register as control: |10><->|11>, identity on control=0 subspace.",
      "self_check": "U @ U.conj().T \u2248 I (4x4), shape (4, 4), unitary verified."
    },
    {
      "id": "swap2",
      "n_sys": 2,
      "n_anc": 0,
      "golden_real": [
        [
          1.0,
          0.0,
          0.0,
          0.0
        ],
        [
          0.0,
          0.0,
          1.0,
          0.0
        ],
        [
          0.0,
          1.0,
          0.0,
          0.0
        ],
        [
          0.0,
          0.0,
          0.0,
          1.0
        ]
      ],
      "golden_imag": [
        [
          0.0,
          0.0,
          0.0,
          0.0
        ],
        [
          0.0,
          0.0,
          0.0,
          0.0
        ],
        [
          0.0,
          0.0,
          0.0,
          0.0
        ],
        [
          0.0,
          0.0,
          0.0,
          0.0
        ]
      ],
      "golden_code": "import numpy as np\ngolden = np.array([[1,0,0,0],[0,0,1,0],[0,1,0,0],[0,0,0,1]], dtype=complex)",
      "construction_method": "SWAP permutation matrix mapping big-endian |01><->|10>.",
      "self_check": "U @ U.conj().T \u2248 I (4x4), shape (4, 4), unitary verified."
    },
    {
      "id": "toffoli",
      "n_sys": 3,
      "n_anc": 0,
      "golden_real": [
        [
          1.0,
          0.0,
          0.0,
          0.0,
          0.0,
          0.0,
          0.0,
          0.0
        ],
        [
          0.0,
          1.0,
          0.0,
          0.0,
          0.0,
          0.0,
          0.0,
          0.0
        ],
        [
          0.0,
          0.0,
          1.0,
          0.0,
          0.0,
          0.0,
          0.0,
          0.0
        ],
        [
          0.0,
          0.0,
          0.0,
          1.0,
          0.0,
          0.0,
          0.0,
          0.0
        ],
        [
          0.0,
          0.0,
          0.0,
          0.0,
          1.0,
          0.0,
          0.0,
          0.0
        ],
        [
          0.0,
          0.0,
          0.0,
          0.0,
          0.0,
          1.0,
          0.0,
          0.0
        ],
        [
          0.0,
          0.0,
          0.0,
          0.0,
          0.0,
          0.0,
          0.0,
          1.0
        ],
        [
          0.0,
          0.0,
          0.0,
          0.0,
          0.0,
          0.0,
          1.0,
          0.0
        ]
      ],
      "golden_imag": [
        [
          0.0,
          0.0,
          0.0,
          0.0,
          0.0,
          0.0,
          0.0,
          0.0
        ],
        [
          0.0,
          0.0,
          0.0,
          0.0,
          0.0,
          0.0,
          0.0,
          0.0
        ],
        [
          0.0,
          0.0,
          0.0,
          0.0,
          0.0,
          0.0,
          0.0,
          0.0
        ],
        [
          0.0,
          0.0,
          0.0,
          0.0,
          0.0,
          0.0,
          0.0,
          0.0
        ],
        [
          0.0,
          0.0,
          0.0,
          0.0,
          0.0,
          0.0,
          0.0,
          0.0
        ],
        [
          0.0,
          0.0,
          0.0,
          0.0,
          0.0,
          0.0,
          0.0,
          0.0
        ],
        [
          0.0,
          0.0,
          0.0,
          0.0,
          0.0,
          0.0,
          0.0,
          0.0
        ],
        [
          0.0,
          0.0,
          0.0,
          0.0,
          0.0,
          0.0,
          0.0,
          0.0
        ]
      ],
      "golden_code": "import numpy as np\ngolden = np.eye(8, dtype=complex)\ngolden[6,6] = 0; golden[6,7] = 1\ngolden[7,7] = 0; golden[7,6] = 1",
      "construction_method": "Doubly-controlled NOT: identity except swap |110><->|111> (big-endian indices 6,7).",
      "self_check": "U @ U.conj().T \u2248 I (8x8), shape (8, 8), unitary verified."
    },
    {
      "id": "qft2",
      "n_sys": 2,
      "n_anc": 0,
      "golden_real": [
        [
          0.5,
          0.5,
          0.5,
          0.5
        ],
        [
          0.5,
          3.061616997868383e-17,
          -0.5,
          -9.184850993605148e-17
        ],
        [
          0.5,
          -0.5,
          0.5,
          -0.5
        ],
        [
          0.5,
          -9.184850993605148e-17,
          -0.5,
          2.755455298081545e-16
        ]
      ],
      "golden_imag": [
        [
          0.0,
          0.0,
          0.0,
          0.0
        ],
        [
          0.0,
          0.5,
          6.123233995736766e-17,
          -0.5
        ],
        [
          0.0,
          6.123233995736766e-17,
          -1.2246467991473532e-16,
          1.8369701987210297e-16
        ],
        [
          0.0,
          -0.5,
          1.8369701987210297e-16,
          0.5
        ]
      ],
      "golden_code": "import numpy as np\nN = 4\nj = np.arange(N)[:, None]\nk = np.arange(N)[None, :]\ngolden = np.exp(2j * np.pi * j * k / N) / np.sqrt(N)",
      "construction_method": "Raw QFT matrix U[j,k] = exp(2*pi*i*j*k/N)/sqrt(N), N=4, big-endian integer indexing.",
      "self_check": "U @ U.conj().T \u2248 I (4x4), shape (4, 4), unitary verified."
    },
    {
      "id": "qft3",
      "n_sys": 3,
      "n_anc": 0,
      "golden_real": [
        [
          0.35355339059327373,
          0.35355339059327373,
          0.35355339059327373,
          0.35355339059327373,
          0.35355339059327373,
          0.35355339059327373,
          0.35355339059327373,
          0.35355339059327373
        ],
        [
          0.35355339059327373,
          0.25,
          2.164890140588733e-17,
          -0.24999999999999994,
          -0.35355339059327373,
          -0.25000000000000006,
          -6.494670421766199e-17,
          0.24999999999999992
        ],
        [
          0.35355339059327373,
          2.164890140588733e-17,
          -0.35355339059327373,
          -6.494670421766199e-17,
          0.35355339059327373,
          1.0824450702943665e-16,
          -0.35355339059327373,
          -1.5154230984121132e-16
        ],
        [
          0.35355339059327373,
          -0.24999999999999994,
          -6.494670421766199e-17,
          0.25000000000000006,
          -0.35355339059327373,
          0.24999999999999964,
          1.9484011265298597e-16,
          -0.24999999999999992
        ],
        [
          0.35355339059327373,
          -0.35355339059327373,
          0.35355339059327373,
          -0.35355339059327373,
          0.35355339059327373,
          -0.35355339059327373,
          0.35355339059327373,
          -0.35355339059327373
        ],
        [
          0.35355339059327373,
          -0.25000000000000006,
          1.0824450702943665e-16,
          0.24999999999999964,
          -0.35355339059327373,
          0.24999999999999994,
          -9.5277050456182e-16,
          -0.24999999999999947
        ],
        [
          0.35355339059327373,
          -6.494670421766199e-17,
          -0.35355339059327373,
          1.9484011265298597e-16,
          0.35355339059327373,
          -9.5277050456182e-16,
          -0.35355339059327373,
          -1.7341005394987604e-16
        ],
        [
          0.35355339059327373,
          0.24999999999999992,
          -1.5154230984121132e-16,
          -0.24999999999999992,
          -0.35355339059327373,
          -0.24999999999999947,
          -1.7341005394987604e-16,
          0.250000000000001
        ]
      ],
      "golden_imag": [
        [
          0.0,
          0.0,
          0.0,
          0.0,
          0.0,
          0.0,
          0.0,
          0.0
        ],
        [
          0.0,
          0.25,
          0.35355339059327373,
          0.25,
          4.329780281177466e-17,
          -0.24999999999999994,
          -0.35355339059327373,
          -0.25000000000000006
        ],
        [
          0.0,
          0.35355339059327373,
          4.329780281177466e-17,
          -0.35355339059327373,
          -8.659560562354932e-17,
          0.35355339059327373,
          1.2989340843532398e-16,
          -0.35355339059327373
        ],
        [
          0.0,
          0.25,
          -0.35355339059327373,
          0.24999999999999992,
          1.2989340843532398e-16,
          -0.25000000000000033,
          0.35355339059327373,
          -0.25000000000000006
        ],
        [
          0.0,
          4.329780281177466e-17,
          -8.659560562354932e-17,
          1.2989340843532398e-16,
          -1.7319121124709863e-16,
          2.164890140588733e-16,
          -2.5978681687064796e-16,
          3.0308461968242264e-16
        ],
        [
          0.0,
          -0.24999999999999994,
          0.35355339059327373,
          -0.25000000000000033,
          2.164890140588733e-16,
          0.25,
          -0.35355339059327373,
          0.25000000000000044
        ],
        [
          0.0,
          -0.35355339059327373,
          1.2989340843532398e-16,
          0.35355339059327373,
          -2.5978681687064796e-16,
          -0.35355339059327373,
          3.8968022530597194e-16,
          0.35355339059327373
        ],
        [
          0.0,
          -0.25000000000000006,
          -0.35355339059327373,
          -0.25000000000000006,
          3.0308461968242264e-16,
          0.25000000000000044,
          0.35355339059327373,
          0.24999999999999895
        ]
      ],
      "golden_code": "import numpy as np\nN = 8\nj = np.arange(N)[:, None]\nk = np.arange(N)[None, :]\ngolden = np.exp(2j * np.pi * j * k / N) / np.sqrt(N)",
      "construction_method": "Raw QFT matrix U[j,k] = exp(2*pi*i*j*k/N)/sqrt(N), N=8, big-endian integer indexing.",
      "self_check": "U @ U.conj().T \u2248 I (8x8), shape (8, 8), unitary verified."
    },
    {
      "id": "s_gate",
      "n_sys": 1,
      "n_anc": 0,
      "golden_real": [
        [
          1.0,
          0.0
        ],
        [
          0.0,
          0.0
        ]
      ],
      "golden_imag": [
        [
          0.0,
          0.0
        ],
        [
          0.0,
          1.0
        ]
      ],
      "golden_code": "import numpy as np\ngolden = np.array([[1, 0], [0, 1j]], dtype=complex)",
      "construction_method": "Phase gate S = diag(1, i).",
      "self_check": "U @ U.conj().T \u2248 I (2x2), shape (2, 2), unitary verified."
    },
    {
      "id": "t_gate",
      "n_sys": 1,
      "n_anc": 0,
      "golden_real": [
        [
          1.0,
          0.0
        ],
        [
          0.0,
          0.7071067811865476
        ]
      ],
      "golden_imag": [
        [
          0.0,
          0.0
        ],
        [
          0.0,
          0.7071067811865476
        ]
      ],
      "golden_code": "import numpy as np\ngolden = np.array([[1, 0], [0, np.exp(1j * np.pi / 4)]], dtype=complex)",
      "construction_method": "T gate = diag(1, exp(i*pi/4)).",
      "self_check": "U @ U.conj().T \u2248 I (2x2), shape (2, 2), unitary verified."
    },
    {
      "id": "cz",
      "n_sys": 2,
      "n_anc": 0,
      "golden_real": [
        [
          1.0,
          0.0,
          0.0,
          0.0
        ],
        [
          0.0,
          1.0,
          0.0,
          0.0
        ],
        [
          0.0,
          0.0,
          1.0,
          0.0
        ],
        [
          0.0,
          0.0,
          0.0,
          -1.0
        ]
      ],
      "golden_imag": [
        [
          0.0,
          0.0,
          0.0,
          0.0
        ],
        [
          0.0,
          0.0,
          0.0,
          0.0
        ],
        [
          0.0,
          0.0,
          0.0,
          0.0
        ],
        [
          0.0,
          0.0,
          0.0,
          0.0
        ]
      ],
      "golden_code": "import numpy as np\ngolden = np.diag([1, 1, 1, -1]).astype(complex)",
      "construction_method": "Controlled-Z: diagonal gate with -1 phase on |11> (big-endian index 3).",
      "self_check": "U @ U.conj().T \u2248 I (4x4), shape (4, 4), unitary verified."
    },
    {
      "id": "iswap",
      "n_sys": 2,
      "n_anc": 0,
      "golden_real": [
        [
          1.0,
          0.0,
          0.0,
          0.0
        ],
        [
          0.0,
          0.0,
          0.0,
          0.0
        ],
        [
          0.0,
          0.0,
          0.0,
          0.0
        ],
        [
          0.0,
          0.0,
          0.0,
          1.0
        ]
      ],
      "golden_imag": [
        [
          0.0,
          0.0,
          0.0,
          0.0
        ],
        [
          0.0,
          0.0,
          1.0,
          0.0
        ],
        [
          0.0,
          1.0,
          0.0,
          0.0
        ],
        [
          0.0,
          0.0,
          0.0,
          0.0
        ]
      ],
      "golden_code": "import numpy as np\ngolden = np.array([[1,0,0,0],[0,0,1j,0],[0,1j,0,0],[0,0,0,1]], dtype=complex)",
      "construction_method": "iSWAP: swap |01><->|10> with factor i, identity on |00> and |11>.",
      "self_check": "U @ U.conj().T \u2248 I (4x4), shape (4, 4), unitary verified."
    },
    {
      "id": "cs_gate",
      "n_sys": 2,
      "n_anc": 0,
      "golden_real": [
        [
          1.0,
          0.0,
          0.0,
          0.0
        ],
        [
          0.0,
          1.0,
          0.0,
          0.0
        ],
        [
          0.0,
          0.0,
          1.0,
          0.0
        ],
        [
          0.0,
          0.0,
          0.0,
          0.0
        ]
      ],
      "golden_imag": [
        [
          0.0,
          0.0,
          0.0,
          0.0
        ],
        [
          0.0,
          0.0,
          0.0,
          0.0
        ],
        [
          0.0,
          0.0,
          0.0,
          0.0
        ],
        [
          0.0,
          0.0,
          0.0,
          1.0
        ]
      ],
      "golden_code": "import numpy as np\ngolden = np.diag([1, 1, 1, 1j]).astype(complex)",
      "construction_method": "Controlled-S with first register as control: applies S to target only when control=|1>; diagonal diag(1,1,1,i).",
      "self_check": "U @ U.conj().T \u2248 I (4x4), shape (4, 4), unitary verified."
    },
    {
      "id": "ccz",
      "n_sys": 3,
      "n_anc": 0,
      "golden_real": [
        [
          1.0,
          0.0,
          0.0,
          0.0,
          0.0,
          0.0,
          0.0,
          0.0
        ],
        [
          0.0,
          1.0,
          0.0,
          0.0,
          0.0,
          0.0,
          0.0,
          0.0
        ],
        [
          0.0,
          0.0,
          1.0,
          0.0,
          0.0,
          0.0,
          0.0,
          0.0
        ],
        [
          0.0,
          0.0,
          0.0,
          1.0,
          0.0,
          0.0,
          0.0,
          0.0
        ],
        [
          0.0,
          0.0,
          0.0,
          0.0,
          1.0,
          0.0,
          0.0,
          0.0
        ],
        [
          0.0,
          0.0,
          0.0,
          0.0,
          0.0,
          1.0,
          0.0,
          0.0
        ],
        [
          0.0,
          0.0,
          0.0,
          0.0,
          0.0,
          0.0,
          1.0,
          0.0
        ],
        [
          0.0,
          0.0,
          0.0,
          0.0,
          0.0,
          0.0,
          0.0,
          -1.0
        ]
      ],
      "golden_imag": [
        [
          0.0,
          0.0,
          0.0,
          0.0,
          0.0,
          0.0,
          0.0,
          0.0
        ],
        [
          0.0,
          0.0,
          0.0,
          0.0,
          0.0,
          0.0,
          0.0,
          0.0
        ],
        [
          0.0,
          0.0,
          0.0,
          0.0,
          0.0,
          0.0,
          0.0,
          0.0
        ],
        [
          0.0,
          0.0,
          0.0,
          0.0,
          0.0,
          0.0,
          0.0,
          0.0
        ],
        [
          0.0,
          0.0,
          0.0,
          0.0,
          0.0,
          0.0,
          0.0,
          0.0
        ],
        [
          0.0,
          0.0,
          0.0,
          0.0,
          0.0,
          0.0,
          0.0,
          0.0
        ],
        [
          0.0,
          0.0,
          0.0,
          0.0,
          0.0,
          0.0,
          0.0,
          0.0
        ],
        [
          0.0,
          0.0,
          0.0,
          0.0,
          0.0,
          0.0,
          0.0,
          0.0
        ]
      ],
      "golden_code": "import numpy as np\ngolden = np.diag([1, 1, 1, 1, 1, 1, 1, -1]).astype(complex)",
      "construction_method": "Doubly-controlled Z: -1 phase only on |111> (big-endian index 7).",
      "self_check": "U @ U.conj().T \u2248 I (8x8), shape (8, 8), unitary verified."
    },
    {
      "id": "qft4",
      "n_sys": 4,
      "n_anc": 0,
      "golden_real": [
        [
          0.25,
          0.25,
          0.25,
          0.25,
          0.25,
          0.25,
          0.25,
          0.25,
          0.25,
          0.25,
          0.25,
          0.25,
          0.25,
          0.25,
          0.25,
          0.25
        ],
        [
          0.25,
          0.23096988312782168,
          0.1767766952966369,
          0.09567085809127246,
          1.5308084989341915e-17,
          -0.09567085809127243,
          -0.17677669529663687,
          -0.23096988312782168,
          -0.25,
          -0.2309698831278217,
          -0.17677669529663692,
          -0.09567085809127258,
          -4.592425496802574e-17,
          0.0956708580912725,
          0.17677669529663684,
          0.23096988312782163
        ],
        [
          0.25,
          0.1767766952966369,
          1.5308084989341915e-17,
          -0.17677669529663687,
          -0.25,
          -0.17677669529663692,
          -4.592425496802574e-17,
          0.17677669529663684,
          0.25,
          0.17677669529663692,
          7.654042494670958e-17,
          -0.17677669529663667,
          -0.25,
          -0.17677669529663678,
          -1.071565949253934e-16,
          0.17677669529663664
        ],
        [
          0.25,
          0.09567085809127246,
          -0.17677669529663687,
          -0.2309698831278217,
          -4.592425496802574e-17,
          0.23096988312782163,
          0.17677669529663692,
          -0.09567085809127247,
          -0.25,
          -0.09567085809127264,
          0.17677669529663664,
          0.23096988312782168,
          1.3777276490407724e-16,
          -0.2309698831278216,
          -0.17677669529663684,
          0.09567085809127239
        ],
        [
          0.25,
          1.5308084989341915e-17,
          -0.25,
          -4.592425496802574e-17,
          0.25,
          7.654042494670958e-17,
          -0.25,
          -1.071565949253934e-16,
          0.25,
          1.3777276490407724e-16,
          -0.25,
          -6.124781447328236e-16,
          0.25,
          -2.450841049886177e-16,
          -0.25,
          -6.737104846901913e-16
        ],
        [
          0.25,
          -0.09567085809127243,
          -0.17677669529663692,
          0.23096988312782163,
          7.654042494670958e-17,
          -0.23096988312782168,
          0.17677669529663664,
          0.09567085809127267,
          -0.25,
          0.09567085809127239,
          0.17677669529663687,
          -0.23096988312782174,
          -6.737104846901913e-16,
          0.2309698831278219,
          -0.17677669529663653,
          -0.0956708580912728
        ],
        [
          0.25,
          -0.17677669529663687,
          -4.592425496802574e-17,
          0.17677669529663692,
          -0.25,
          0.17677669529663664,
          1.3777276490407724e-16,
          -0.17677669529663684,
          0.25,
          -0.1767766952966366,
          -6.737104846901913e-16,
          0.1767766952966369,
          -0.25,
          0.1767766952966365,
          -1.226194250738824e-16,
          -0.17677669529663698
        ],
        [
          0.25,
          -0.23096988312782168,
          0.17677669529663684,
          -0.09567085809127247,
          -1.071565949253934e-16,
          0.09567085809127267,
          -0.17677669529663684,
          0.23096988312782188,
          -0.25,
          0.2309698831278217,
          -0.17677669529663653,
          0.09567085809127228,
          -1.226194250738824e-16,
          -0.09567085809127286,
          0.17677669529663761,
          -0.23096988312782163
        ],
        [
          0.25,
          -0.25,
          0.25,
          -0.25,
          0.25,
          -0.25,
          0.25,
          -0.25,
          0.25,
          -0.25,
          0.25,
          -0.25,
          0.25,
          -0.25,
          0.25,
          -0.25
        ],
        [
          0.25,
          -0.2309698831278217,
          0.17677669529663692,
          -0.09567085809127264,
          1.3777276490407724e-16,
          0.09567085809127239,
          -0.1767766952966366,
          0.2309698831278217,
          -0.25,
          0.23096988312782193,
          -0.17677669529663698,
          0.09567085809127207,
          -8.574075045622943e-16,
          -0.09567085809127213,
          0.176776695296637,
          -0.23096988312782127
        ],
        [
          0.25,
          -0.17677669529663692,
          7.654042494670958e-17,
          0.17677669529663664,
          -0.25,
          0.17677669529663687,
          -6.737104846901913e-16,
          -0.17677669529663653,
          0.25,
          -0.17677669529663698,
          -6.138708511651475e-17,
          0.17677669529663706,
          -0.25,
          0.1767766952966377,
          -9.798721844770297e-16,
          -0.1767766952966363
        ],
        [
          0.25,
          -0.09567085809127258,
          -0.17677669529663667,
          0.23096988312782185,
          -6.124781447328236e-16,
          -0.2309698831278214,
          0.17677669529663753,
          0.09567085809127145,
          -0.25,
          0.09567085809127372,
          0.1767766952966358,
          -0.23096988312782232,
          1.837434434198471e-15,
          0.23096988312782094,
          -0.1767766952966384,
          -0.09567085809127032
        ],
        [
          0.25,
          -4.592425496802574e-17,
          -0.25,
          1.3777276490407724e-16,
          0.25,
          -6.737104846901913e-16,
          -0.25,
          -1.226194250738824e-16,
          0.25,
          -8.574075045622943e-16,
          -0.25,
          6.107759479822057e-17,
          0.25,
          -1.0411045244343973e-15,
          -0.25,
          2.4477461467032353e-16
        ],
        [
          0.25,
          0.0956708580912725,
          -0.17677669529663678,
          -0.23096988312782177,
          -2.450841049886177e-16,
          0.23096988312782157,
          0.17677669529663714,
          -0.09567085809127122,
          -0.25,
          -0.09567085809127213,
          0.17677669529663645,
          0.2309698831278223,
          7.352523149658532e-16,
          -0.2309698831278217,
          -0.17677669529663873,
          0.09567085809127077
        ],
        [
          0.25,
          0.17677669529663684,
          -1.071565949253934e-16,
          -0.17677669529663684,
          -0.25,
          -0.17677669529663653,
          -1.226194250738824e-16,
          0.17677669529663761,
          0.25,
          0.176776695296637,
          -9.798721844770297e-16,
          -0.17677669529663714,
          -0.25,
          -0.17677669529663623,
          2.082363794027942e-15,
          0.17677669529663667
        ],
        [
          0.25,
          0.23096988312782163,
          0.17677669529663664,
          0.09567085809127157,
          -6.737104846901913e-16,
          -0.0956708580912728,
          -0.17677669529663823,
          -0.23096988312782232,
          -0.25,
          -0.23096988312782127,
          -0.1767766952966363,
          -0.09567085809127032,
          3.797488293470824e-15,
          0.09567085809127406,
          0.17677669529663917,
          0.23096988312782216
        ]
      ],
      "golden_imag": [
        [
          0.0,
          0.0,
          0.0,
          0.0,
          0.0,
          0.0,
          0.0,
          0.0,
          0.0,
          0.0,
          0.0,
          0.0,
          0.0,
          0.0,
          0.0,
          0.0
        ],
        [
          0.0,
          0.09567085809127245,
          0.1767766952966369,
          0.23096988312782168,
          0.25,
          0.23096988312782168,
          0.1767766952966369,
          0.09567085809127247,
          3.061616997868383e-17,
          -0.09567085809127242,
          -0.17677669529663687,
          -0.23096988312782163,
          -0.25,
          -0.23096988312782166,
          -0.17677669529663692,
          -0.0956708580912726
        ],
        [
          0.0,
          0.1767766952966369,
          0.25,
          0.1767766952966369,
          3.061616997868383e-17,
          -0.17677669529663687,
          -0.25,
          -0.17677669529663692,
          -6.123233995736766e-17,
          0.17677669529663684,
          0.25,
          0.1767766952966371,
          9.184850993605148e-17,
          -0.17677669529663698,
          -0.25,
          -0.17677669529663712
        ],
        [
          0.0,
          0.23096988312782168,
          0.1767766952966369,
          -0.09567085809127242,
          -0.25,
          -0.0956708580912726,
          0.17677669529663684,
          0.23096988312782168,
          9.184850993605148e-17,
          -0.2309698831278216,
          -0.17677669529663712,
          0.09567085809127243,
          0.25,
          0.09567085809127268,
          -0.17677669529663692,
          -0.2309698831278217
        ],
        [
          0.0,
          0.25,
          3.061616997868383e-17,
          -0.25,
          -6.123233995736766e-17,
          0.25,
          9.184850993605148e-17,
          -0.25,
          -1.2246467991473532e-16,
          0.25,
          1.5308084989341916e-16,
          -0.25,
          -1.8369701987210297e-16,
          0.25,
          2.143131898507868e-16,
          -0.25
        ],
        [
          0.0,
          0.23096988312782168,
          -0.17677669529663687,
          -0.0956708580912726,
          0.25,
          -0.09567085809127246,
          -0.17677669529663712,
          0.2309698831278216,
          1.5308084989341916e-16,
          -0.2309698831278217,
          0.1767766952966369,
          0.09567085809127233,
          -0.25,
          0.0956708580912719,
          0.17677669529663723,
          -0.23096988312782155
        ],
        [
          0.0,
          0.1767766952966369,
          -0.25,
          0.17677669529663684,
          9.184850993605148e-17,
          -0.17677669529663712,
          0.25,
          -0.17677669529663692,
          -1.8369701987210297e-16,
          0.1767766952966372,
          -0.25,
          0.17677669529663687,
          2.755455298081545e-16,
          -0.17677669529663725,
          0.25,
          -0.17677669529663678
        ],
        [
          0.0,
          0.09567085809127247,
          -0.17677669529663692,
          0.23096988312782168,
          -0.25,
          0.2309698831278216,
          -0.17677669529663692,
          0.09567085809127196,
          2.143131898507868e-16,
          -0.09567085809127236,
          0.17677669529663723,
          -0.23096988312782177,
          0.25,
          -0.23096988312782152,
          0.17677669529663614,
          -0.09567085809127258
        ],
        [
          0.0,
          3.061616997868383e-17,
          -6.123233995736766e-17,
          9.184850993605148e-17,
          -1.2246467991473532e-16,
          1.5308084989341916e-16,
          -1.8369701987210297e-16,
          2.143131898507868e-16,
          -2.4492935982947064e-16,
          2.755455298081545e-16,
          -3.061616997868383e-16,
          1.2249562894656473e-15,
          -3.6739403974420594e-16,
          -4.901682099772354e-16,
          -4.286263797015736e-16,
          1.3474209693803826e-15
        ],
        [
          0.0,
          -0.09567085809127242,
          0.17677669529663684,
          -0.2309698831278216,
          0.25,
          -0.2309698831278217,
          0.1767766952966372,
          -0.09567085809127236,
          2.755455298081545e-16,
          0.09567085809127185,
          -0.17677669529663678,
          0.23096988312782185,
          -0.25,
          0.23096988312782182,
          -0.17677669529663675,
          0.09567085809127343
        ],
        [
          0.0,
          -0.17677669529663687,
          0.25,
          -0.17677669529663712,
          1.5308084989341916e-16,
          0.1767766952966369,
          -0.25,
          0.17677669529663723,
          -3.061616997868383e-16,
          -0.17677669529663678,
          0.25,
          -0.1767766952966367,
          1.3474209693803826e-15,
          0.17677669529663606,
          -0.25,
          0.17677669529663745
        ],
        [
          0.0,
          -0.23096988312782163,
          0.1767766952966371,
          0.09567085809127202,
          -0.25,
          0.09567085809127315,
          0.17677669529663623,
          -0.2309698831278221,
          1.2249562894656473e-15,
          0.23096988312782116,
          -0.17677669529663795,
          -0.09567085809127089,
          0.25,
          -0.09567085809127428,
          -0.17677669529663537,
          0.23096988312782257
        ],
        [
          0.0,
          -0.25,
          9.184850993605148e-17,
          0.25,
          -1.8369701987210297e-16,
          -0.25,
          2.755455298081545e-16,
          0.25,
          -3.6739403974420594e-16,
          -0.25,
          1.3474209693803826e-15,
          0.25,
          -5.51091059616309e-16,
          -0.25,
          -2.452388501477648e-16,
          0.25
        ],
        [
          0.0,
          -0.23096988312782166,
          -0.17677669529663698,
          0.09567085809127228,
          0.25,
          0.09567085809127272,
          -0.17677669529663662,
          -0.23096988312782218,
          -4.901682099772354e-16,
          0.23096988312782182,
          0.1767766952966373,
          -0.095670858091271,
          -0.25,
          -0.09567085809127236,
          0.17677669529663503,
          0.23096988312782238
        ],
        [
          0.0,
          -0.17677669529663692,
          -0.25,
          -0.17677669529663692,
          2.143131898507868e-16,
          0.17677669529663723,
          0.25,
          0.17677669529663614,
          -4.286263797015736e-16,
          -0.17677669529663675,
          -0.25,
          -0.17677669529663662,
          -2.452388501477648e-16,
          0.17677669529663753,
          0.25,
          0.1767766952966371
        ],
        [
          0.0,
          -0.0956708580912726,
          -0.17677669529663712,
          -0.23096988312782205,
          -0.25,
          -0.23096988312782155,
          -0.17677669529663553,
          -0.09567085809127095,
          1.3474209693803826e-15,
          0.09567085809127343,
          0.17677669529663745,
          0.23096988312782257,
          0.25,
          0.23096988312782102,
          0.1767766952966346,
          0.09567085809127134
        ]
      ],
      "golden_code": "import numpy as np\nN = 16\nj = np.arange(N)[:, None]\nk = np.arange(N)[None, :]\ngolden = np.exp(2j * np.pi * j * k / N) / np.sqrt(N)",
      "construction_method": "Raw QFT matrix U[j,k] = exp(2*pi*i*j*k/N)/sqrt(N), N=16, big-endian integer indexing.",
      "self_check": "U @ U.conj().T \u2248 I (16x16), shape (16, 16), unitary verified."
    }
  ]
}